date, pm25, pm10, o3, no2, so2, co
2021/2/1, 52, 11, 27, 20, 1, 3
2021/2/2, 51, 6, 27, 14, 1, 2
2021/2/3, 38, 8, 29, 16, 1, 2
2021/2/4, 39, 8, 23, 17, 1, 3
2021/2/5, 36, 14, 17, 33, 1, 4
2021/2/6, 48, 12, 39, 13, 2, 3
2021/2/7, 59, 5, 28, 6, 1, 2
2021/2/8, 25, 6, 29, 4, 1, 
2021/2/9, 30, 9, 22, 16, 1, 3
2021/2/10, 33, 11, 38, 11, 1, 3
2021/2/11, 41, 13, 27, 22, 1, 3
2021/2/12, 49, 15, 25, 22, 1, 3
2021/2/13, 55, 15, 33, 15, 1, 3
2021/2/14, 57, 10, 12, 20, 1, 3
2021/2/15, 31, 8, 29, 13, , 2
2021/2/16, 35, 6, 29, 9, , 2
2021/2/17, 40, , 24, 5, , 
2021/2/18, 11, , , , , 
2021/1/4, 35, 10, 14, 22, 1, 3
2021/1/5, 25, 10, 23, 13, 1, 2
2021/1/7, 52, 6, 22, 15, 1, 3
2021/1/8, 23, 5, 27, 12, 1, 2
2021/1/9, 29, 6, 25, 13, , 2
2021/1/10, 27, 5, 21, 12, 1, 2
2021/1/11, 22, 15, 9, 24, , 3
2021/1/12, 46, 11, 13, 28, 1, 4
2021/1/13, 45, 11, 21, 30, 1, 5
2021/1/14, 48, 15, 19, 20, 1, 3
2021/1/15, 47, 21, 28, 15, 1, 2
2021/1/16, 67, 6, 27, 5, , 2
2021/1/17, 29, 9, 13, 23, 1, 3
2021/1/18, 37, 6, 26, 8, 1, 2
2021/1/19, 32, 6, 26, 11, 1, 2
2021/1/20, 27, 25, 13, 32, 1, 4
2021/1/21, 57, 31, 10, 43, 1, 5
2021/1/22, 69, 20, 25, 17, 1, 4
2021/1/23, 55, 7, 24, 6, , 2
2021/1/24, 25, 7, 21, 15, , 2
2021/1/25, 35, 13, 7, 27, 1, 4
2021/1/26, 47, 13, 28, 15, , 3
2021/1/27, 56, 12, 21, 17, , 2
2021/1/28, 38, 10, 27, 13, , 2
2021/1/29, 43, 6, 29, 6, , 2
2021/1/30, 22, 7, 30, 12, 1, 3
2021/1/31, 42, 15, 31, 24, 3, 3
2020/10/1, 33, 13, 35, 15, 2, 2
2020/10/2, 52, 15, 33, 16, 1, 3
2020/10/3, 40, 18, 37, 12, 1, 3
2020/10/4, 50, 26, 28, 16, 1, 3
2020/10/5, 63, 11, 30, 5, 1, 2
2020/10/6, 39, 9, 25, 6, , 2
2020/10/7, 25, 7, 25, 8, , 2
2020/10/8, 16, 5, 20, 10, , 2
2020/10/9, 17, 3, 24, 7, , 1
2020/10/10, 17, 6, 23, 2, , 1
2020/10/11, 22, 7, 21, 8, 1, 2
2020/10/12, 41, 8, 22, 13, 1, 2
2020/10/13, 39, 11, 27, 7, 1, 2
2020/10/14, 31, 11, 19, 9, 1, 2
2020/10/15, 28, 10, 27, 6, , 1
2020/10/16, 35, 10, 20, 8, 1, 
2020/10/17, 22, 8, 26, 5, , 3
2020/10/18, 40, 9, 9, 16, 1, 3
2020/10/19, 27, 11, 27, 12, , 2
2020/10/20, 49, 10, 27, 10, 1, 2
2020/10/21, 29, 16, 22, 15, 1, 2
2020/10/22, 46, 11, 19, 14, 1, 2
2020/10/23, 32, 7, 26, 7, 1, 2
2020/10/24, 37, 7, 32, 6, 1, 3
2020/10/25, 56, 14, 20, 22, 1, 3
2020/10/26, 57, 12, 24, 10, , 2
2020/10/27, 39, 12, 16, 19, 1, 3
2020/10/28, 42, 13, 29, 11, , 2
2020/10/29, 61, 7, 25, 8, , 
2020/10/30, 28, 8, 27, 6, , 
2020/10/31, 42, 14, 25, 14, 2, 3
2020/11/1, 55, 29, 15, 23, 1, 4
2020/11/2, 70, 17, 14, 13, , 3
2020/11/3, 50, 6, 21, 11, 1, 2
2020/11/4, 51, 10, 21, 18, , 3
2020/11/5, 52, 16, 6, 25, 1, 3
2020/11/6, 48, 24, 11, 27, 1, 5
2020/11/7, 65, 20, 28, 12, 1, 3
2020/11/8, 62, 8, 24, 6, , 1
2020/11/9, 36, 6, 21, 10, 2, 3
2020/11/10, 35, 5, 25, 7, 1, 2
2020/11/11, 41, 8, 20, 13, , 2
2020/11/12, 30, 10, 14, 23, 1, 3
2020/11/13, 52, 13, 27, 10, 1, 2
2020/11/14, 45, 14, 28, 14, 1, 3
2020/11/15, 52, 22, 17, 26, 1, 4
2020/11/16, 63, 22, 25, 16, 1, 3
2020/11/17, 58, 29, 14, 29, 1, 4
2020/11/18, 61, 28, 27, 19, 1, 4
2020/11/19, 83, 11, 26, 6, 1, 1
2020/11/20, 27, 6, 21, 4, 1, 2
2020/11/21, 25, 5, 25, 7, 1, 3
2020/11/22, 43, 10, 25, 7, , 2
2020/11/23, 30, 6, 23, 9, , 1
2020/11/24, 22, 6, 18, 11, , 2
2020/11/25, 24, 16, 9, 26, 1, 4
2020/11/26, 44, 13, 15, 13, , 2
2020/11/27, 35, 8, 23, 7, 1, 2
2020/11/28, 33, 8, 19, 8, 1, 3
2020/11/29, 25, 13, 18, 16, 1, 3
2020/11/30, 46, 7, 16, 16, 1, 2
2020/12/1, 36, 8, 14, 15, 1, 2
2020/12/2, 22, 16, 12, 16, , 3
2020/12/3, 40, 12, 21, 15, 1, 2
2020/12/4, 35, 10, 10, 16, , 2
2020/12/5, 25, 15, 17, 14, , 3
2020/12/6, 45, 15, 10, 30, 1, 4
2020/12/7, 53, 16, 23, 21, 1, 4
2020/12/8, 60, 7, 20, 11, 1, 2
2020/12/9, 23, 13, 14, 21, 1, 3
2020/12/10, 41, 22, 8, 30, 1, 6
2020/12/11, 52, 24, 22, 19, , 3
2020/12/12, 58, 8, 24, 8, 1, 2
2020/12/13, 33, 6, 17, 14, 1, 2
2020/12/14, 30, 4, 18, 10, 1, 2
2020/12/15, 32, 4, 15, 11, , 2
2020/12/16, 13, 6, 20, 12, , 2
2020/12/17, 21, , 6, , 1, 4
2020/12/18, 36, , 21, , , 3
2020/12/19, 18, , 26, , , 2
2020/12/20, 22, 7, 18, 20, , 3
2020/12/21, 25, 11, 3, 33, 1, 4
2020/12/22, 34, 15, , 30, 1, 4
2020/12/23, 46, 17, 4, 45, 1, 6
2020/12/24, 54, 15, 27, 20, 1, 4
2020/12/25, 51, 9, 21, 21, 1, 4
2020/12/26, 34, 6, 26, 12, 1, 3
2020/12/27, 30, 21, 16, 27, 1, 4
2020/12/28, 50, 20, 11, 27, 2, 5
2020/12/29, 51, 25, 24, 16, , 3
2020/12/30, 63, 5, 27, 3, , 
2020/12/31, 23, 5, 25, 7, , 2
2021/1/1, 30, 5, 21, 10, 1, 2
2021/1/2, 32, 6, 25, 6, , 3
2021/1/3, 35, 7, 17, 21, 1, 3
2020/7/1, 29, 13, 41, 7, 1, 1
2020/7/2, 58, 13, 28, 13, 1, 2
2020/7/3, 46, 8, 13, 6, , 1
2020/7/4, 29, 15, 40, 4, 1, 1
2020/7/5, 41, 10, 9, 4, , 1
2020/7/6, 32, 15, 7, 3, , 
2020/7/7, 27, 13, 29, 4, , 1
2020/7/8, 23, 8, 13, 9, , 1
2020/7/9, 21, 11, 8, 7, , 1
2020/7/10, 31, 15, 11, 3, , 
2020/7/11, 32, 12, 32, 3, 1, 1
2020/7/12, 57, 12, 23, 11, 1, 2
2020/7/13, 40, 11, 14, 13, 1, 2
2020/7/14, 30, 9, 13, 10, , 1
2020/7/15, 20, 8, 22, 9, 1, 2
2020/7/16, 14, 10, 9, 8, , 1
2020/7/17, 27, 9, 6, 11, , 2
2020/7/18, 23, 14, 35, 8, 1, 2
2020/7/19, 61, 24, 61, 13, 1, 2
2020/7/20, 55, 22, 27, 16, 2, 2
2020/7/21, 63, 20, 26, 13, 1, 2
2020/7/22, 42, 13, 19, 9, 1, 2
2020/7/23, 26, 22, 43, 12, 2, 3
2020/7/24, 55, 21, 7, 9, 1, 2
2020/7/25, 46, 11, 14, 6, 1, 2
2020/7/26, 32, 9, 11, 7, , 1
2020/7/27, 28, 15, 10, 9, , 2
2020/7/28, 46, 9, 16, 6, , 1
2020/7/29, 21, 10, 21, 9, 1, 2
2020/7/30, 36, 24, 26, 21, 1, 3
2020/7/31, 52, 10, 33, 4, 1, 1
2020/8/1, 58, 12, 31, 3, 2, 1
2020/8/2, 52, 16, 41, 14, 3, 3
2020/8/3, 62, 15, 36, 10, 1, 2
2020/8/4, 68, 20, 36, 12, 1, 1
2020/8/5, 66, 27, 22, 10, 1, 2
2020/8/6, 68, 27, 31, 12, 3, 2
2020/8/7, 64, 44, 25, 14, 2, 2
2020/8/8, 78, 31, 25, 9, 1, 2
2020/8/9, 73, 33, 64, 10, 2, 2
2020/8/10, 94, 11, 21, 6, , 
2020/8/11, 90, 19, 36, 11, 2, 2
2020/8/12, 57, 30, 65, 10, 12, 2
2020/8/13, 68, 22, 43, 6, 1, 2
2020/8/14, 69, 40, 107, 8, 5, 3
2020/8/15, 89, 31, 39, 5, 1, 2
2020/8/16, 81, 28, 43, 10, 1, 2
2020/8/17, 74, 22, 40, 8, 1, 2
2020/8/18, 70, 18, 67, 11, 6, 3
2020/8/19, 60, 16, 42, 10, 1, 2
2020/8/20, 109, 19, 66, 13, 7, 2
2020/8/21, 69, 29, 55, 9, 2, 2
2020/8/22, 78, 18, 26, 5, 2, 1
2020/8/23, 46, 12, 27, 6, 1, 1
2020/8/24, 59, 16, 47, 9, 2, 2
2020/8/25, 66, 17, 42, 13, 2, 2
2020/8/26, 71, 10, 10, 11, 2, 1
2020/8/27, 52, 13, 9, 8, 1, 1
2020/8/28, 45, 12, 18, 6, , 1
2020/8/29, 74, 7, 21, 6, 1, 1
2020/8/30, 73, 12, 31, 8, 1, 1
2020/8/31, 58, 9, 20, 6, 1, 2
2020/9/1, 32, 14, 19, 11, 1, 1
2020/9/2, 36, 13, 11, 7, , 1
2020/9/3, 35, 12, 22, 10, 1, 1
2020/9/4, 66, 14, 27, 7, 1, 1
2020/9/5, 58, 8, 16, 5, 1, 1
2020/9/6, 60, 11, 5, 12, , 4
2020/9/7, 24, , , , , 
2020/9/13, 11, 11, 21, 12, 1, 2
2020/9/14, 45, 9, 26, 10, 1, 2
2020/9/15, 42, 12, 25, 10, 1, 2
2020/9/16, 36, 15, 25, 15, 1, 2
2020/9/17, 44, 13, 11, 4, 1, 1
2020/9/18, 43, 9, 30, 6, 1, 2
2020/9/19, 23, 13, 20, 6, 1, 3
2020/9/20, 34, 12, 34, 6, 1, 2
2020/9/21, 52, 14, 35, 4, 1, 2
2020/9/22, 43, 11, 25, 6, , 1
2020/9/23, 32, 11, 23, 6, , 1
2020/9/24, 30, 5, 20, 6, , 1
2020/9/25, 21, 9, 18, 7, , 1
2020/9/26, 18, 10, 25, 5, , 2
2020/9/27, 28, 8, 31, 10, 1, 2
2020/9/28, 52, 7, 29, 7, 1, 1
2020/9/29, 35, 8, 35, 8, 1, 2
2020/9/30, 41, 12, 27, 10, 1, 2
2020/4/1, 43, 9, 40, 2, , 1
2020/4/2, 32, 12, 34, 14, 1, 3
2020/4/3, 45, 17, 47, 10, 1, 3
2020/4/4, 58, 12, 34, 5, 1, 2
2020/4/5, 40, 9, 40, 9, 1, 2
2020/4/6, 45, 12, 42, 12, 1, 3
2020/4/7, 41, 20, 57, 16, 1, 3
2020/4/8, 50, 15, 44, 11, 1, 2
2020/4/9, 65, 8, 36, 4, , 
2020/4/10, 46, 6, 39, 6, 1, 2
2020/4/11, 41, 8, 36, 4, 1, 2
2020/4/12, 28, 5, 35, 6, , 
2020/4/13, 14, 7, 35, 4, , 1
2020/4/14, 39, 11, 41, 13, 1, 2
2020/4/15, 31, 14, 38, 8, 1, 2
2020/4/16, 53, 11, 32, 11, 2, 3
2020/4/17, 37, 10, 33, 9, 1, 3
2020/4/18, 23, 8, 36, 6, 1, 3
2020/4/19, 41, 5, 31, 8, , 1
2020/4/20, 15, 15, 25, 27, 2, 4
2020/4/21, 39, 9, 34, 8, , 2
2020/4/22, 52, 7, 36, 8, 1, 2
2020/4/23, 40, 8, 37, 8, 1, 2
2020/4/24, 42, 10, 46, 8, 1, 2
2020/4/25, 40, 17, 59, 3, 1, 
2020/4/26, 53, 13, 42, 8, 1, 2
2020/4/27, 34, 14, 37, 12, 1, 3
2020/4/28, 41, 12, 49, 8, 1, 2
2020/4/29, 48, 22, 69, 12, 1, 3
2020/4/30, 62, 21, 47, 5, 1, 2
2020/5/1, 58, 39, 47, 12, 2, 3
2020/5/2, 89, 30, 40, 5, 1, 2
2020/5/3, 84, 11, 34, 7, 1, 2
2020/5/4, 33, 13, 45, 5, 1, 2
2020/5/5, 65, 11, 30, 3, , 1
2020/5/6, 29, 7, 38, 3, , 1
2020/5/7, 58, 8, 42, 9, 1, 2
2020/5/8, 54, 10, 38, 3, , 1
2020/5/9, 31, 7, 32, 1, , 1
2020/5/10, 29, 12, 35, 10, 1, 2
2020/5/11, 57, 15, 49, 9, 1, 2
2020/5/12, 51, 24, 57, 8, 1, 2
2020/5/13, 77, 11, 48, 8, 2, 2
2020/5/14, 60, 13, 45, 11, 1, 2
2020/5/15, 55, 12, 36, 8, 1, 2
2020/5/16, 32, 13, 49, 8, 2, 2
2020/5/17, 63, 15, 30, 10, 1, 2
2020/5/18, 39, 7, 28, 8, , 2
2020/5/19, 12, 8, 20, 6, , 1
2020/5/20, 22, 9, 19, 8, , 1
2020/5/21, 24, 10, 22, 7, , 
2020/5/22, 29, 8, 34, 8, 1, 3
2020/5/23, 38, 10, 43, 7, 1, 2
2020/5/24, 48, 8, 36, 10, 1, 2
2020/5/25, 43, 14, 28, 18, 1, 3
2020/5/26, 41, 16, 48, 10, 1, 2
2020/5/27, 49, 12, 47, 9, 1, 2
2020/5/28, 53, 9, 43, 9, 1, 2
2020/5/29, 57, 12, 41, 10, 1, 2
2020/5/30, 56, 9, 36, 5, 1, 1
2020/5/31, 32, 11, 28, 11, 1, 2
2020/6/1, 26, 18, 26, 13, 2, 4
2020/6/2, 48, 20, 51, 15, 2, 3
2020/6/3, 51, 35, 64, 9, 1, 3
2020/6/4, 78, 29, 55, 12, 1, 2
2020/6/5, 81, 31, 52, 8, 1, 2
2020/6/6, 70, 18, 41, 4, 1, 2
2020/6/7, 74, 17, 52, 10, 1, 2
2020/6/8, 56, 19, 43, 10, 1, 2
2020/6/9, 70, 10, 35, 6, 1, 1
2020/6/10, 57, 9, 17, 4, , 
2020/6/11, 32, 9, 23, 8, 1, 1
2020/6/12, 47, 8, 21, 9, , 1
2020/6/13, 16, 18, 20, 10, 1, 2
2020/6/14, 45, 20, 40, 21, 1, 3
2020/6/15, 71, 19, 47, 9, 1, 2
2020/6/16, 53, 9, 40, 8, 1, 1
2020/6/17, 41, 15, 35, 10, 1, 2
2020/6/18, 37, 8, 34, 7, , 1
2020/6/19, 22, 8, 44, 10, 1, 3
2020/6/20, 58, 9, 28, 5, 1, 1
2020/6/21, 34, 10, 24, 6, , 1
2020/6/22, 18, 13, 29, 14, 1, 3
2020/6/23, 37, 13, 21, 8, 1, 1
2020/6/24, 30, , 14, 9, 1, 2
2020/6/26, 78, 40, 44, 17, 2, 3
2020/6/27, 66, 17, 34, 9, 1, 2
2020/6/28, 35, 12, 45, 9, 1, 2
2020/6/29, 54, 19, 28, 10, 1, 2
2020/6/30, 41, 16, 17, 2, , 1
2020/1/1, 22, 6, 22, 12, 1, 3
2020/1/2, 27, 7, 17, 16, 1, 3
2020/1/3, 31, 8, 27, 10, 1, 2
2020/1/4, 24, 5, 28, 5, , 1
2020/1/5, 19, 6, 24, 9, 1, 2
2020/1/6, 22, 11, 15, 19, , 3
2020/1/7, 37, 14, 10, 20, , 4
2020/1/8, 45, 9, 25, 15, 1, 3
2020/1/9, 29, 7, 22, 14, 1, 2
2020/1/10, 21, 13, 11, 22, 1, 3
2020/1/11, 37, 14, 21, 15, 1, 3
2020/1/12, 43, 16, 22, 19, 1, 3
2020/1/13, 49, 8, 18, 20, 2, 3
2020/1/14, 31, 12, 20, 21, , 4
2020/1/15, 43, 6, 19, 19, 1, 2
2020/1/16, 18, 9, 21, 19, 1, 2
2020/1/17, 32, 7, 24, 9, , 
2020/1/18, 20, 8, 26, 12, 1, 3
2020/1/19, 32, 12, 17, 27, 2, 5
2020/1/20, 36, 6, 27, 13, 1, 2
2020/1/22, 67, 24, 8, 32, , 4
2020/1/23, 63, 20, 27, 28, 2, 5
2020/1/24, 51, 8, 27, 11, 2, 2
2020/1/25, 25, 8, 20, 12, 1, 3
2020/1/26, 27, 14, 23, 23, 1, 3
2020/1/27, 52, 4, 17, 15, , 2
2020/1/28, 16, 7, 21, 21, 1, 3
2020/1/29, 10, 6, 22, 19, 1, 3
2020/1/30, 44, 5, 24, 10, 1, 2
2020/1/31, 21, 4, 28, 6, 1, 2
2020/2/1, 28, 6, 32, 5, 2, 3
2020/2/2, 30, 13, 25, 20, 1, 3
2020/2/3, 45, 7, 22, 14, 1, 3
2020/2/4, 25, 9, 29, 14, 1, 3
2020/2/5, 32, 4, 24, 7, , 
2020/2/6, 24, 13, 19, 27, 4, 4
2020/2/7, 38, 9, 28, 18, 1, 3
2020/2/8, 50, 4, 29, 2, , 2
2020/2/9, 19, 11, 21, 24, , 4
2020/2/10, 34, 5, 30, 8, , 2
2020/2/11, 30, 13, 21, 23, , 3
2020/2/12, 47, 28, 9, 44, 1, 5
2020/2/13, 65, 14, 9, 30, 1, 4
2020/2/14, 37, 14, 20, 24, 4, 4
2020/2/15, 46, 28, 17, 18, 1, 4
2020/2/16, 57, 11, 17, 14, , 3
2020/2/17, 42, 5, 25, 8, , 2
2020/2/18, 29, 7, 24, 15, , 3
2020/2/19, 23, 11, 27, 21, , 2
2020/2/20, 36, 10, 27, 15, 2, 3
2020/2/21, 34, 16, 34, 14, , 2
2020/2/22, 46, 11, 32, 4, , 2
2020/2/23, 39, 14, 30, 11, 1, 3
2020/2/24, 48, 25, 26, 30, 3, 4
2020/2/25, 67, 15, 23, 13, , 3
2020/2/26, 45, 5, 27, 12, , 3
2020/2/27, 29, 6, 22, 14, 1, 3
2020/2/28, 33, 11, 22, 19, 1, 2
2020/2/29, 36, 11, 33, 11, 2, 2
2020/3/1, 42, 12, 25, 12, 1, 2
2020/3/2, 37, 6, 28, 13, 1, 2
2020/3/3, 19, 13, 21, 15, 1, 2
2020/3/4, 31, 9, 33, 9, 1, 2
2020/3/5, 25, 9, 33, 8, 1, 2
2020/3/6, 41, 8, 28, 11, , 2
2020/3/7, 32, 11, 27, 7, , 2
2020/3/8, 33, 8, 24, 12, 1, 2
2020/3/9, 42, 13, 26, 20, 1, 3
2020/3/10, 29, 11, 32, 12, 1, 3
2020/3/11, 29, 7, 31, 12, 1, 2
2020/3/12, 43, 13, 35, 17, 1, 3
2020/3/13, 42, 10, 30, 9, 1, 2
2020/3/14, 21, 7, 32, 9, 1, 2
2020/3/15, 37, 6, 30, 12, 1, 2
2020/3/16, 34, 15, 28, 13, 1, 3
2020/3/17, 32, 13, 36, 18, 1, 3
2020/3/18, 41, 15, 35, 17, 2, 2
2020/3/19, 59, 7, 32, 5, , 2
2020/3/20, 35, 12, 32, 16, 1, 3
2020/3/21, 50, 19, 50, 14, 1, 4
2020/3/22, 67, 12, 36, 10, 1, 2
2020/3/23, 29, 8, 33, 6, 1, 2
2020/3/24, 33, 9, 32, 11, 1, 3
2020/3/25, 35, 11, 30, 24, 1, 3
2020/3/26, 52, 16, 33, 21, 1, 4
2020/3/27, 56, 14, 31, 8, , 2
2020/3/28, 51, 5, 26, 6, , 2
2020/3/29, 16, 10, 23, 14, 1, 2
2020/3/30, 35, 14, 16, 18, 1, 2
2020/3/31, 43, 14, 22, 15, , 2
2019/10/1, 56, 26, 48, 18, 2, 2
2019/10/2, 69, 23, 33, 15, 2, 2
2019/10/3, 72, 18, 34, 12, 1, 2
2019/10/4, 54, 9, 40, 10, 3, 2
2019/10/5, 49, 7, 26, 3, 2, 1
2019/10/6, 12, 9, 26, 7, 1, 1
2019/10/7, 38, 13, 25, 13, 1, 3
2019/10/8, 41, 8, 31, 7, 2, 2
2019/10/9, 42, 10, 29, 11, 1, 2
2019/10/10, 47, 14, 24, 12, , 3
2019/10/11, 42, 17, 16, 3, , 1
2019/10/12, 18, 6, 26, 3, 1, 1
2019/10/13, 33, 14, 20, 7, 1, 1
2019/10/14, 23, 9, 24, 8, 1, 2
2019/10/15, 34, 9, 24, 8, 1, 2
2019/10/16, 21, 13, 20, 13, 1, 3
2019/10/17, 37, 12, 16, 10, 1, 2
2019/10/18, 37, 15, 15, 18, 2, 4
2019/10/19, 41, 10, 20, 11, 2, 3
2019/10/20, 43, 9, 22, 9, 2, 1
2019/10/21, 24, 6, 28, 4, 1, 1
2019/10/22, 17, 7, 23, 15, 2, 2
2019/10/23, 51, 10, 25, 8, 1, 1
2019/10/24, 26, 8, 22, 8, , 3
2019/10/25, 19, 6, 19, 18, 1, 3
2019/10/26, 35, 9, 23, 8, 2, 2
2019/10/27, 33, 10, 24, 11, 2, 2
2019/10/28, 36, 11, 17, 15, 1, 3
2019/10/29, 27, 18, 21, 34, 2, 5
2019/10/30, 48, 26, 24, 20, 3, 4
2019/10/31, 63, 25, 27, 26, 4, 4
2019/11/1, 81, 14, 26, 12, 4, 2
2019/11/2, 39, 20, 25, 10, 2, 3
2019/11/3, 53, 7, 27, 6, , 
2019/11/4, 42, 8, 21, 18, 2, 3
2019/11/5, 42, 16, 14, 28, 3, 4
2019/11/6, 42, 13, 24, 21, 2, 3
2019/11/7, 57, 9, 27, 11, 2, 2
2019/11/8, 32, 10, 26, 11, 2, 3
2019/11/9, 34, 12, 27, 12, 2, 3
2019/11/10, 50, 14, 19, 15, 1, 3
2019/11/11, 43, 11, 28, 12, , 3
2019/11/12, 46, 12, 19, 19, 1, 4
2019/11/13, 40, 11, 28, 14, 2, 3
2019/11/14, 60, 8, 18, 18, 2, 3
2019/11/15, 36, 13, 18, 29, 3, 5
2019/11/16, 49, 10, 28, 9, 1, 3
2019/11/17, 46, 11, 33, 17, 2, 3
2019/11/18, 44, 13, 25, 15, 1, 3
2019/11/19, 44, 5, 23, 6, 1, 2
2019/11/20, 19, 8, 24, 8, 1, 2
2019/11/21, 28, 9, 10, 19, 1, 3
2019/11/22, 32, 7, 21, 8, 1, 2
2019/11/23, 16, 8, 20, 15, 1, 4
2019/11/24, 31, 17, 15, 18, 1, 4
2019/11/25, 55, 6, 19, 10, 1, 
2019/11/26, 20, 14, 10, 21, 1, 3
2019/11/27, 40, 12, 16, 15, , 2
2019/11/28, 24, 7, 19, 14, 1, 5
2019/11/29, 28, 6, 23, 13, 1, 3
2019/11/30, 28, 17, 11, 22, 2, 4
2019/12/1, 51, 25, 3, 28, 1, 5
2019/12/2, 64, 6, 23, 15, 1, 3
2019/12/3, 29, 8, 16, 21, 5, 3
2019/12/4, 28, 6, 18, 21, 1, 2
2019/12/5, 34, 6, 16, 17, 1, 3
2019/12/6, 18, 8, 16, 18, 1, 3
2019/12/7, 33, 16, 24, 14, , 3
2019/12/8, 51, 13, 18, 19, 1, 3
2019/12/9, 43, 15, 14, 23, 1, 3
2019/12/10, 46, 18, 5, 24, , 4
2019/12/11, 49, 14, 21, 18, 1, 5
2019/12/12, 56, 7, 19, 13, 1, 3
2019/12/13, 21, 16, 22, 25, 2, 3
2019/12/14, 52, 8, 25, 8, 1, 3
2019/12/15, 26, 16, 10, 29, 2, 3
2019/12/16, 47, 22, 7, 22, 1, 4
2019/12/17, 56, 16, 12, 21, , 5
2019/12/18, 51, 12, 17, 18, 1, 3
2019/12/19, 35, 15, 22, 14, , 3
2019/12/20, 45, 10, 15, 14, , 3
2019/12/21, 34, 18, 17, 14, 1, 3
2019/12/22, 48, 7, 19, 26, 3, 5
2019/12/23, 28, 8, 24, 11, 1, 3
2019/12/24, 24, , 19, 25, 1, 4
2019/12/25, 35, 23, , 31, 2, 5
2019/12/26, 59, 10, 20, 14, 1, 3
2019/12/27, 33, 4, 27, 6, 1, 2
2019/12/28, 16, 8, 26, 10, 1, 3
2019/12/29, 30, , , , , 
2019/7/1, 42, 29, 27, 20, 1, 3
2019/7/2, 51, 34, 45, 20, 2, 4
2019/7/3, 70, 7, 37, 8, 1, 1
2019/7/4, 12, 12, 35, 9, 1, 2
2019/7/5, 32, 11, 31, 6, 1, 1
2019/7/6, 29, 6, 23, 3, , 1
2019/7/7, 18, 8, 24, 5, 1, 1
2019/7/8, 32, 10, 22, 6, 1, 1
2019/7/9, 25, 8, 24, 6, 1, 1
2019/7/10, 35, 16, 21, 14, 2, 2
2019/7/11, 38, 10, 20, 14, 1, 2
2019/7/12, 34, 23, 26, 20, 2, 4
2019/7/13, 57, 10, 32, 5, 1, 2
2019/7/14, 19, 7, 18, 3, 1, 1
2019/7/15, 23, 6, 10, 9, , 1
2019/7/16, 20, 14, 31, 18, 1, 3
2019/7/17, 44, 22, 18, 18, 1, 3
2019/7/18, 59, 11, 24, 10, , 2
2019/7/19, 54, 30, 30, 20, 4, 3
2019/7/20, 62, 26, 20, 13, 1, 2
2019/7/21, 56, 22, 10, 12, , 2
2019/7/22, 43, 15, 16, 13, 1, 2
2019/7/23, 44, 15, 24, 14, 2, 2
2019/7/24, 45, 29, 30, 14, 2, 2
2019/7/25, 68, 11, 10, 8, 1, 1
2019/7/26, 47, 20, 10, 6, 1, 1
2019/7/27, 48, 44, 18, 13, 4, 2
2019/7/28, 66, 34, 23, 15, 3, 3
2019/7/29, 76, 28, 23, 15, 2, 2
2019/7/30, 72, 31, 33, 16, 2, 2
2019/7/31, 63, 40, 69, 16, 2, 2
2019/8/1, 74, 38, 58, 16, 3, 2
2019/8/2, 86, 22, 33, 16, 3, 2
2019/8/3, 65, 14, 29, 10, 3, 1
2019/8/4, 66, 11, 17, 11, 2, 1
2019/8/5, 78, 11, 13, 8, 1, 1
2019/8/6, 67, 17, 21, 13, 3, 1
2019/8/7, 38, 19, 27, 13, 2, 1
2019/8/8, 62, 16, 34, 12, 2, 2
2019/8/9, 62, 16, 29, 11, 2, 2
2019/8/10, 63, 15, 27, 7, 2, 1
2019/8/11, 71, 20, 12, 7, 2, 1
2019/8/12, 38, 20, 13, 10, 2, 2
2019/8/13, 42, 29, 10, 8, 2, 2
2019/8/14, 31, 37, 13, 4, 1, 2
2019/8/15, 24, 41, 30, 3, , 2
2019/8/16, 28, 34, 40, 11, 5, 4
2019/8/17, 57, 36, 39, 8, 1, 3
2019/8/18, 49, 43, 25, 6, 1, 2
2019/8/19, 36, 23, 22, 11, , 2
2019/8/20, 34, 12, 28, 13, 2, 3
2019/8/21, 38, 18, 40, 11, 1, 2
2019/8/22, 42, 21, 15, 13, 1, 2
2019/8/23, 35, 24, 45, 15, 2, 3
2019/8/24, 66, 23, 51, 7, 1, 3
2019/8/25, 60, 19, 35, 10, 1, 3
2019/8/26, 46, 21, 38, 13, 2, 3
2019/8/27, 45, 17, 15, 9, 1, 2
2019/8/28, 33, 24, 22, 11, 1, 2
2019/8/29, 57, 17, 6, 11, 1, 2
2019/8/30, 25, 19, 31, 15, 2, 2
2019/8/31, 53, 28, 53, 9, 2, 3
2019/9/1, 57, 30, 22, 16, 2, 3
2019/9/2, 69, 25, 24, 11, 1, 2
2019/9/3, 52, 12, 28, 7, , 2
2019/9/4, 33, 23, 37, 12, , 3
2019/9/5, 58, 23, 25, 17, 3, 3
2019/9/6, 77, 10, 11, 11, 3, 1
2019/9/7, 66, 18, 12, 6, 1, 1
2019/9/8, 49, 17, 17, 8, 1, 2
2019/9/9, 73, 22, 65, 15, 2, 2
2019/9/10, 71, 24, 38, 13, 2, 2
2019/9/11, 73, 9, 32, 8, 1, 2
2019/9/12, 38, 8, 23, 6, 1, 1
2019/9/13, 22, 12, 27, 9, , 2
2019/9/14, 35, 12, 30, 6, 1, 1
2019/9/15, 57, 9, 15, 5, 1, 2
2019/9/16, 26, 13, 27, 9, 2, 2
2019/9/17, 51, 10, 21, 8, 1, 1
2019/9/18, 23, 13, 29, 11, 1, 2
2019/9/19, 49, 13, 36, 10, 2, 3
2019/9/20, 44, 12, 26, 8, 1, 2
2019/9/21, 30, 11, 31, 4, , 
2019/9/22, 53, 16, 24, 5, , 2
2019/9/23, 40, 11, 21, 11, 1, 2
2019/9/24, 43, 9, 33, 13, 4, 2
2019/9/25, 36, 12, 32, 11, 1, 2
2019/9/26, 44, 18, 37, 20, 3, 3
2019/9/27, 48, 14, 27, 13, 2, 2
2019/9/28, 51, 15, 22, 11, 2, 2
2019/9/29, 49, 16, 30, 12, 1, 2
2019/9/30, 48, 20, 44, 15, 3, 2
2019/4/1, 33, 7, 33, 9, 1, 2
2019/4/2, 36, 10, 35, 6, 1, 
2019/4/3, 42, 15, 32, 19, 2, 3
2019/4/4, 54, 16, 41, 24, 2, 4
2019/4/5, 62, 20, 48, 13, 2, 3
2019/4/6, 55, 19, 48, 10, 2, 3
2019/4/7, 54, 12, 33, 11, 1, 2
2019/4/8, 35, 7, 35, 6, 1, 2
2019/4/9, 37, 6, 20, 16, , 2
2019/4/10, 20, 4, 32, 5, 1, 2
2019/4/11, 27, 8, 28, 10, 1, 2
2019/4/12, 28, 11, 39, 14, 2, 3
2019/4/13, 48, 8, 41, 9, 1, 2
2019/4/14, 38, 7, 43, 6, 1, 2
2019/4/15, 41, 10, 42, 14, 3, 3
2019/4/16, 47, 15, 34, 17, 3, 3
2019/4/17, 42, 17, 51, 15, 3, 3
2019/4/18, 56, 19, 42, 21, 3, 3
2019/4/19, 57, 14, 34, 11, 3, 3
2019/4/20, 41, 21, 48, 13, 2, 3
2019/4/21, 56, 28, 48, 17, 2, 3
2019/4/22, 68, 17, 40, 13, 2, 3
2019/4/23, 55, 24, 22, 15, 1, 3
2019/4/24, 59, 17, 18, 25, 3, 3
2019/4/25, 43, 10, 27, 10, 1, 2
2019/4/26, 26, 6, 32, 7, , 2
2019/4/27, 24, 6, 36, 5, 2, 3
2019/4/28, 36, 6, 33, 11, 2, 2
2019/4/29, 31, 7, 28, 11, 1, 2
2019/4/30, 19, 6, 32, 8, 1, 2
2019/5/1, 33, 10, 35, 9, 1, 3
2019/5/2, 40, 11, 43, 14, 2, 4
2019/5/3, 60, 14, 42, 8, 1, 2
2019/5/4, 57, 13, 46, 10, 2, 3
2019/5/5, 51, 10, 39, 6, 1, 2
2019/5/6, 37, 6, 38, 5, 1, 
2019/5/7, 26, 7, 40, 12, , 2
2019/5/8, 43, 8, 37, 13, , 2
2019/5/9, 33, 19, 68, 21, 2, 3
2019/5/10, 58, 25, 53, 21, 3, 4
2019/5/11, 86, 13, 39, 6, 1, 2
2019/5/12, 52, 11, 30, 13, 3, 2
2019/5/13, 39, 13, 38, 17, 2, 2
2019/5/14, 33, 10, 35, 15, 2, 2
2019/5/15, 33, 10, 38, 12, 1, 2
2019/5/16, 45, 10, 37, 11, 2, 2
2019/5/17, 47, 12, 36, 12, 1, 2
2019/5/18, 49, 14, 39, 9, 2, 3
2019/5/19, 50, 17, 30, 15, 2, 2
2019/5/20, 43, 13, 21, 11, 1, 2
2019/5/21, 25, 12, 34, 9, 1, 3
2019/5/22, 31, 14, 54, 16, 3, 2
2019/5/24, 40, 25, 71, 17, 2, 3
2019/5/25, 79, 36, 104, 14, 3, 4
2019/5/26, 90, 42, 66, 25, 5, 4
2019/5/27, 96, 16, 39, 10, 1, 2
2019/5/28, 44, 8, 32, 8, , 2
2019/5/29, 19, , 33, 13, 2, 2
2019/5/31, 35, 18, 40, 12, 2, 2
2019/6/1, 49, 27, 45, 10, 3, 2
2019/6/2, 66, 11, 35, 13, 2, 2
2019/6/3, 49, 13, 33, 15, 2, 2
2019/6/4, 52, 9, 26, 15, 1, 2
2019/6/5, 38, 21, 66, 14, 2, 3
2019/6/6, 66, 38, 25, 18, 1, 3
2019/6/7, 66, 12, 36, 7, , 2
2019/6/8, 50, 8, 27, 3, , 1
2019/6/9, 26, 6, 22, 7, , 
2019/6/10, 15, 7, 29, 6, 1, 1
2019/6/11, 32, 12, 22, 12, 3, 2
2019/6/12, 32, 14, 34, 16, 3, 3
2019/6/13, 56, 14, 26, 16, 2, 2
2019/6/14, 46, 10, 25, 7, 3, 1
2019/6/15, 12, 6, 34, 6, , 1
2019/6/16, 51, 8, 37, 5, 2, 2
2019/6/17, 46, 13, 33, 16, 3, 2
2019/6/18, 48, 26, 39, 14, 3, 2
2019/6/19, 44, 35, 43, 13, 3, 3
2019/6/21, 57, 11, 27, 10, 2, 2
2019/6/22, 26, 12, 17, 9, 3, 2
2019/6/23, 32, 7, 16, 8, 1, 1
2019/6/24, 22, 15, 33, 19, 3, 3
2019/6/25, 66, 23, 31, 12, 2, 2
2019/6/26, 54, 14, 19, 8, 1, 1
2019/6/27, 44, 17, 27, 14, 2, 3
2019/6/28, 54, 10, 24, 8, 1, 2
2019/6/29, 21, 8, 13, 8, 1, 2
2019/6/30, 27, 21, 12, 16, 1, 2
2019/1/1, 28, 5, 27, 7, 2, 3
2019/1/2, 24, 5, 28, 6, 1, 2
2019/1/3, 18, 7, 23, 16, 3, 4
2019/1/4, 26, 9, 27, 18, 1, 4
2019/1/5, 47, 4, 28, 5, 1, 2
2019/1/6, 19, 6, 26, 11, 1, 2
2019/1/7, 26, 17, 9, 39, 4, 6
2019/1/8, 49, 8, 25, 10, 1, 3
2019/1/9, 35, 13, 16, 28, 1, 4
2019/1/10, 42, 10, 25, 19, , 5
2019/1/11, 40, 18, 16, 25, 1, 3
2019/1/12, 48, 11, 28, 12, 1, 3
2019/1/13, 39, 7, 25, 12, , 2
2019/1/14, 30, 17, 16, 30, 3, 4
2019/1/15, 47, 12, 27, 19, , 4
2019/1/16, 35, 13, 23, 23, 3, 4
2019/1/17, 43, 4, 28, 9, 1, 2
2019/1/18, 21, 7, 27, 17, 2, 3
2019/1/19, 27, 12, 27, 16, 2, 3
2019/1/20, 47, 6, 27, 11, 1, 2
2019/1/21, 15, 7, 25, 16, 1, 3
2019/1/23, 56, 6, 26, 8, , 2
2019/1/24, 28, 7, 26, 17, 4, 5
2019/1/25, 25, 7, 27, 12, 2, 3
2019/1/26, 36, 4, 29, 5, , 
2019/1/27, 23, 9, 8, 25, , 3
2019/1/28, 32, 12, 28, 7, 1, 3
2019/1/29, 50, 22, 19, 32, 5, 6
2019/1/30, 68, 23, 17, 36, 3, 5
2019/1/31, 76, 5, 27, 7, , 2
2019/2/1, 19, 12, 18, 26, 2, 4
2019/2/2, 42, 12, 25, 19, 3, 4
2019/2/3, 46, 9, 31, 11, 1, 3
2019/2/4, 43, 14, 26, 15, 1, 3
2019/2/5, 50, 28, 8, 30, 1, 5
2019/2/6, 70, 31, 13, 36, 1, 8
2019/2/7, 75, 6, 26, 8, , 2
2019/2/8, 16, 11, 22, 12, , 2
2019/2/9, 42, 6, 29, 6, , 2
2019/2/10, 30, 12, 21, 13, , 2
2019/2/11, 42, 8, 27, 12, , 2
2019/2/12, 32, 13, 17, 23, 2, 3
2019/2/13, 49, 6, 30, 8, 1, 2
2019/2/14, 32, 13, 24, 28, 2, 4
2019/2/15, 39, 16, 31, 19, , 3
2019/2/16, 57, 13, 34, 5, 1, 2
2019/2/17, 51, 11, 30, 20, 3, 4
2019/2/18, 42, 19, 15, 35, 1, 5
2019/2/19, 57, 37, 12, 26, 1, 5
2019/2/20, 84, 7, 31, 7, 1, 2
2019/2/21, 36, 9, 24, 19, 3, 3
2019/2/22, 34, 16, 34, 9, 1, 2
2019/2/23, 55, 17, 35, 12, 2, 3
2019/2/24, 57, 24, 16, 37, 3, 5
2019/2/25, 68, 23, 32, 15, 1, 3
2019/2/26, 67, 17, 29, 16, 2, 3
2019/2/27, 57, 22, 16, 26, , 4
2019/2/28, 62, 15, 22, 24, 1, 3
2019/3/1, 55, 18, 37, 10, 3, 3
2019/3/2, 61, 23, 28, 12, 1, 3
2019/3/3, 72, 8, 29, 11, , 2
2019/3/4, 26, 18, 33, 17, 3, 3
2019/3/5, 59, 30, 12, 32, 3, 5
2019/3/6, 73, 18, 31, 16, 1, 3
2019/3/7, 39, 9, 33, 6, , 2
2019/3/8, 27, 10, 36, 19, 3, 4
2019/3/9, 50, 11, 29, 22, 3, 3
2019/3/10, 39, 5, 26, 9, 1, 2
2019/3/11, 27, 11, 29, 21, 5, 4
2019/3/12, 38, 13, 35, 15, 1, 3
2019/3/13, 59, 7, 32, 14, 2, 2
2019/3/14, 34, 15, 35, 17, 3, 3
2019/3/15, 50, 16, 34, 14, 1, 2
2019/3/16, 53, 10, 35, 8, 2, 3
2019/3/17, 38, 11, 30, 14, 2, 3
2019/3/18, 41, 14, 31, 22, 2, 3
2019/3/19, 48, 16, 35, 25, 3, 3
2019/3/20, 46, 11, 36, 10, 3, 3
2019/3/21, 47, 7, 37, 9, 1, 2
2019/3/22, 37, 5, 31, 7, , 2
2019/3/23, 23, 7, 36, 8, 1, 2
2019/3/24, 32, 15, 27, 20, 2, 3
2019/3/25, 50, 19, 33, 30, 2, 4
2019/3/26, 57, 17, 41, 14, 2, 2
2019/3/27, 52, 11, 43, 10, 2, 2
2019/3/28, 41, 8, 30, 12, 2, 3
2019/3/29, 35, 21, 25, 14, 1, 2
2019/3/30, 53, 18, 36, 10, 1, 3
2019/3/31, 56, 5, 32, 13, 1, 3
2018/10/1, 56, 13, 40, 12, 1, 2
2018/10/2, 51, 17, 29, 14, 1, 2
2018/10/3, 45, 11, 24, 9, , 2
2018/10/4, 31, 14, 21, 12, , 2
2018/10/5, 40, 16, 16, 13, 1, 3
2018/10/6, 62, 13, 31, 2, 1, 1
2018/10/7, 50, 8, 31, 4, 1, 2
2018/10/8, 15, 12, 34, 10, 1, 2
2018/10/9, 49, 15, 31, 15, 2, 3
2018/10/10, 44, 20, 11, 18, 1, 3
2018/10/11, 49, 9, 22, 10, 1, 2
2018/10/12, 21, 8, 24, 7, 1, 2
2018/10/13, 20, 8, 25, 5, 1, 
2018/10/14, 32, 14, 16, 16, 1, 3
2018/10/15, 36, 16, 24, 13, 1, 2
2018/10/16, 46, 14, 28, 11, 1, 3
2018/10/17, 46, 10, 27, 9, 1, 2
2018/10/18, 37, 11, 21, 13, 1, 3
2018/10/19, 35, 10, 32, 9, , 2
2018/10/20, 43, 7, 33, 3, 1, 1
2018/10/21, 38, 11, 31, 13, 1, 2
2018/10/22, 55, 13, 19, 16, 1, 2
2018/10/23, 45, 9, 26, 11, 1, 2
2018/10/24, 49, 17, 37, 12, 1, 2
2018/10/25, 50, 19, 25, 17, 2, 2
2018/10/26, 57, 17, 25, 19, 2, 4
2018/10/27, 53, 9, 26, 7, , 3
2018/10/28, 35, 14, 21, 25, 1, 4
2018/10/29, 63, 10, 29, 19, , 3
2018/10/30, 61, 5, 26, 10, 1, 1
2018/10/31, 49, 7, 29, 8, 2, 1
2018/11/1, 25, 5, 25, 16, 3, 2
2018/11/2, 34, 11, 25, 18, 2, 3
2018/11/3, 42, 22, 22, 14, 1, 4
2018/11/4, 65, 22, 19, 21, 2, 3
2018/11/5, 59, 14, 8, 21, 1, 3
2018/11/6, 40, 9, 29, 10, 1, 
2018/11/7, 25, 14, 30, 11, 1, 2
2018/11/8, 46, 21, 15, 23, 1, 4
2018/11/9, 53, 17, 24, 15, 1, 3
2018/11/10, 60, 15, 26, 13, 3, 3
2018/11/11, 51, 27, 14, 22, 1, 4
2018/11/12, 72, 18, 24, 14, 1, 3
2018/11/13, 43, 7, 25, 9, 1, 2
2018/11/14, 30, 7, 22, 14, 1, 2
2018/11/15, 32, 12, 14, 26, 2, 3
2018/11/16, 46, 14, 29, 16, , 3
2018/11/17, 56, 8, 24, 7, 1, 2
2018/11/18, 25, 15, 20, 20, 2, 4
2018/11/19, 45, 7, 22, 11, , 2
2018/11/20, 23, 17, 8, 36, 4, 5
2018/11/21, 49, 18, 13, 22, 1, 4
2018/11/22, 54, 6, 25, 8, 1, 2
2018/11/23, 29, 5, 20, 10, , 2
2018/11/24, 19, 12, 22, 18, 3, 3
2018/11/25, 47, 15, 16, 24, 2, 4
2018/11/26, 51, 22, 14, 37, 3, 6
2018/11/27, 60, 31, 17, 34, 2, 5
2018/11/28, 74, 18, 19, 14, 2, 3
2018/11/29, 46, 12, 22, 20, 4, 3
2018/11/30, 42, 9, 25, 13, 1, 3
2018/12/1, 50, 10, 23, 9, , 3
2018/12/2, 42, 19, 15, 31, 4, 4
2018/12/3, 59, 25, 22, 25, 3, 4
2018/12/4, 76, 11, 22, 10, , 2
2018/12/5, 41, , , , , 
2018/12/12, 40, 5, 24, 14, , 4
2018/12/13, 22, 6, 25, 13, , 3
2018/12/14, 28, 5, 27, 7, 1, 
2018/12/15, 30, 13, 14, 19, , 4
2018/12/16, 46, 20, 2, 34, 3, 6
2018/12/17, 67, , , 20, 2, 5
2018/12/18, 36, 11, , , 3, 4
2018/12/19, 41, 13, , , 3, 5
2018/12/20, 48, 14, 5, 46, 2, 4
2018/12/21, 44, 36, 7, 32, 1, 5
2018/12/22, 76, 31, 11, 23, 1, 5
2018/12/23, 70, 8, 25, 6, 1, 3
2018/12/24, 35, 8, 20, 21, 2, 4
2018/12/25, 32, 20, 4, 34, 1, 5
2018/12/26, 60, 12, 20, 22, 2, 3
2018/12/27, 39, 5, 24, 5, 1, 
2018/12/28, 14, 3, 24, 9, , 2
2018/12/29, 23, 3, 27, 4, , 
2018/12/30, 19, , , , , 
2018/7/1, 57, 15, 17, 7, 1, 1
2018/7/2, 54, 16, 13, 7, 1, 1
2018/7/3, 48, 16, 9, 4, , 
2018/7/4, 40, 14, 12, 5, , 
2018/7/5, 26, 10, 8, 9, , 1
2018/7/6, 15, 13, 6, 7, 1, 2
2018/7/7, 45, 12, 11, 6, , 1
2018/7/8, 34, 15, 12, 11, , 2
2018/7/9, 53, 15, 17, 12, 2, 1
2018/7/10, 55, 21, 35, 16, 2, 2
2018/7/11, 47, 21, 22, 12, 1, 2
2018/7/12, 43, 27, 39, 14, 2, 2
2018/7/13, 67, 29, 71, 12, 3, 3
2018/7/14, 58, 42, 50, 11, 2, 2
2018/7/15, 85, 43, 45, 9, 2, 2
2018/7/16, 79, 42, 32, 13, 1, 
2018/7/17, 81, 40, 57, 17, 2, 2
2018/7/18, 67, 27, 31, 12, 1, 1
2018/7/19, 81, 14, 15, 8, 1, 1
2018/7/20, 55, 18, 29, 10, 1, 1
2018/7/21, 59, 26, 73, 11, 2, 2
2018/7/22, 64, 22, 56, 12, 4, 3
2018/7/23, 53, 40, 66, 14, 3, 3
2018/7/24, 83, 27, 27, 11, 2, 2
2018/7/25, 60, 12, 28, 6, 1, 1
2018/7/26, 39, 12, 24, 5, 1, 1
2018/7/27, 40, 16, 13, 4, , 1
2018/7/28, 39, 23, 30, 6, 1, 2
2018/7/29, 42, 19, 18, 8, 1, 2
2018/7/30, 49, 16, 41, 14, 3, 2
2018/7/31, 57, 25, 69, 21, 4, 2
2018/8/1, 61, 38, 92, 24, 5, 3
2018/8/2, 70, 44, 86, 17, 4, 3
2018/8/3, 84, 30, 60, 13, 4, 3
2018/8/4, 63, 43, 46, 6, 2, 2
2018/8/5, 78, 40, 42, 8, 1, 2
2018/8/6, 88, 5, 16, 7, 1, 2
2018/8/7, 26, 6, 15, 3, , 1
2018/8/8, 19, 18, 31, 8, 1, 2
2018/8/9, 44, 25, 32, 11, 2, 2
2018/8/10, 60, 35, 39, 17, 3, 3
2018/8/11, 60, 31, 34, 10, 3, 3
2018/8/12, 52, 20, 26, 11, 2, 2
2018/8/13, 55, 11, 18, 6, 1, 1
2018/8/14, 48, 11, 11, 2, , 
2018/8/15, 43, 12, 15, 3, , 1
2018/8/16, 38, 5, 25, 2, , 1
2018/8/17, 51, 9, 31, 10, 4, 2
2018/8/18, 62, 9, 37, 10, 2, 2
2018/8/19, 50, 8, 11, 13, 1, 2
2018/8/20, 44, , , , , 
2018/8/23, 22, 31, 8, 4, 1, 1
2018/8/24, 40, 20, 21, 7, 1, 1
2018/8/25, 60, 21, 78, 14, 3, 2
2018/8/26, 64, 25, 55, 15, 3, 2
2018/8/27, 86, 28, 40, 13, 2, 4
2018/8/28, 53, 27, 24, 13, 3, 3
2018/8/29, 51, 26, 24, 13, 1, 2
2018/8/30, 64, 22, 36, 13, 1, 2
2018/8/31, 69, 18, 29, 12, 1, 2
2018/9/1, 43, 9, 28, 6, 1, 2
2018/9/2, 29, 20, 13, 16, 1, 3
2018/9/3, 44, 25, 9, 8, 1, 2
2018/9/4, 39, 26, 38, 6, 1, 2
2018/9/5, 53, 27, 38, 11, 1, 2
2018/9/6, 64, 18, 29, 6, 1, 2
2018/9/7, 46, 12, 9, 4, , 
2018/9/8, 34, 9, 11, 3, 1, 
2018/9/9, 45, 10, 12, 9, 1, 1
2018/9/10, 46, 6, 32, 5, , 1
2018/9/11, 23, 11, 28, 5, 1, 1
2018/9/12, 33, 15, 29, 14, 2, 2
2018/9/13, 40, 17, 13, 21, 2, 3
2018/9/14, 42, 9, 22, 13, 1, 2
2018/9/15, 21, 17, 34, 15, 4, 3
2018/9/16, 44, 25, 46, 9, 1, 3
2018/9/17, 72, 14, 31, 18, 2, 2
2018/9/18, 54, 9, 33, 11, 1, 3
2018/9/19, 30, 11, 27, 15, 1, 2
2018/9/20, 31, 4, 22, 9, , 
2018/9/21, 16, 12, 23, 18, 1, 3
2018/9/22, 37, 11, 34, 8, 1, 2
2018/9/23, 51, 14, 32, 8, 1, 2
2018/9/24, 42, 11, 25, 11, 1, 2
2018/9/25, 36, 9, 22, 9, , 2
2018/9/26, 22, 7, 21, 11, , 2
2018/9/27, 27, 9, 29, 18, 2, 4
2018/9/28, 47, 14, 20, 18, 1, 3
2018/9/29, 36, 11, 21, 6, , 2
2018/9/30, 31, 18, 36, 8, 1, 2
2018/4/1, 51, 27, 46, 17, 1, 3
2018/4/2, 68, 38, 39, 18, 3, 3
2018/4/3, 84, 45, 46, 22, 2, 3
2018/4/4, 83, 13, 30, 12, 1, 2
2018/4/5, 28, 24, 31, 11, 1, 2
2018/4/6, 59, 13, 35, 8, , 2
2018/4/7, 38, 12, 40, 7, 1, 3
2018/4/8, 44, 13, 42, 13, 1, 2
2018/4/9, 46, 15, 37, 16, 4, 3
2018/4/10, 54, 17, 39, 11, 2, 2
2018/4/11, 61, 15, 41, 15, 2, 2
2018/4/12, 58, 11, 42, 7, 1, 2
2018/4/13, 44, 13, 44, 15, 2, 3
2018/4/14, 37, 13, 39, 4, , 2
2018/4/15, 34, 15, 35, 6, 2, 2
2018/4/16, 53, 12, 31, 12, , 3
2018/4/17, 34, 15, 30, 12, , 2
2018/4/18, 38, 16, 39, 20, 2, 4
2018/4/19, 52, 26, 61, 19, 9, 4
2018/4/20, 70, 28, 57, 21, 4, 4
2018/4/21, 73, 38, 89, 18, 4, 4
2018/4/22, 87, 34, 48, 12, 2, 3
2018/4/23, 74, 22, 31, 16, 3, 3
2018/4/24, 52, 18, 27, 21, , 3
2018/4/25, 40, 8, 41, 7, 2, 1
2018/4/26, 47, 11, 34, 14, 2, 2
2018/4/27, 29, 18, 53, 9, 4, 2
2018/4/28, 59, 21, 56, 5, 1, 2
2018/4/29, 64, 19, 43, 5, 1, 3
2018/4/30, 53, 24, 69, 14, 3, 3
2018/5/1, 72, 26, 44, 14, 3, 3
2018/5/2, 63, 16, 43, 4, , 2
2018/5/3, 44, 8, 46, 2, , 2
2018/5/4, 46, 14, 57, 7, 1, 3
2018/5/5, 56, 21, 58, 10, 3, 3
2018/5/6, 64, 11, 43, 9, , 1
2018/5/7, 34, 8, 31, 5, , 
2018/5/8, 22, 4, 28, 6, , 
2018/5/9, 18, 6, 28, 18, 1, 2
2018/5/10, 22, 10, 44, 12, 1, 2
2018/5/11, 43, 23, 46, 23, 6, 4
2018/5/12, 60, 12, 40, 5, 1, 2
2018/5/13, 34, 16, 46, 11, , 3
2018/5/14, 66, 13, 47, 17, 1, 3
2018/5/15, 60, 16, 52, 11, , 2
2018/5/16, 29, 31, 41, 23, 9, 4
2018/5/17, 77, 45, 38, 30, 4, 4
2018/5/18, 93, 17, 36, 7, 1, 2
2018/5/19, 60, 7, 35, 6, 2, 1
2018/5/20, 45, 9, 39, 16, 2, 2
2018/5/21, 53, 13, 42, 22, 5, 4
2018/5/22, 68, 13, 24, 17, 3, 3
2018/5/23, 34, 12, 38, 13, 2, 2
2018/5/24, 52, 16, 44, 16, 2, 2
2018/5/25, 44, 28, 50, 11, 1, 3
2018/5/26, 67, 24, 66, 8, 4, 4
2018/5/27, 64, 20, 36, 15, 1, 2
2018/5/28, 48, 19, 32, 16, 2, 2
2018/5/29, 54, 20, 31, 16, 2, 2
2018/5/30, 52, , 24, 13, 1, 3
2018/6/1, 76, 12, 61, 14, 3, 3
2018/6/2, 59, 13, 53, 8, 1, 2
2018/6/3, 60, 9, 53, 11, 2, 2
2018/6/4, 56, 11, 46, 13, 1, 2
2018/6/5, 59, 13, 38, 11, 1, 2
2018/6/6, 34, 13, 45, 15, 2, 2
2018/6/7, 61, 13, 38, 12, 1, 2
2018/6/8, 41, 19, 61, 12, 3, 2
2018/6/9, 53, 15, 38, 4, 1, 2
2018/6/10, 28, 5, 17, 7, , 1
2018/6/11, 13, 17, 19, 13, 1, 2
2018/6/12, 49, 12, 32, 13, 2, 3
2018/6/13, 48, 10, 26, 11, 3, 2
2018/6/14, 37, 8, 23, 10, 1, 1
2018/6/15, 19, 5, 20, 4, , 1
2018/6/16, 15, 9, 27, 8, 3, 3
2018/6/17, 31, 15, 8, 19, 1, 3
2018/6/18, 37, 13, 37, 13, 4, 2
2018/6/19, 42, 10, 19, 14, 2, 2
2018/6/20, 22, 17, 16, 18, 2, 3
2018/6/21, 44, 26, 54, 19, 2, 4
2018/6/22, 66, 35, 29, 20, 2, 5
2018/6/23, 72, 19, 47, 9, 1, 3
2018/6/24, 59, 25, 56, 25, 5, 4
2018/6/25, 66, 26, 45, 11, 2, 2
2018/6/26, 79, 10, 22, 4, 1, 1
2018/6/27, 45, 19, 12, 4, 1, 1
2018/6/28, 44, 12, 8, 3, 1, 1
2018/6/29, 48, 11, 7, 4, 1, 
2018/6/30, 50, 16, 10, 3, 1, 
2018/1/1, 37, 5, 28, 8, 2, 4
2018/1/2, 22, 3, 27, 5, 2, 2
2018/1/3, 24, 3, 27, 7, 2, 2
2018/1/4, 19, 6, 23, 15, , 2
2018/1/5, 26, 10, 20, 27, 3, 4
2018/1/6, 38, 4, 29, 7, 1, 3
2018/1/7, 27, 13, 16, 23, 2, 4
2018/1/8, 41, 19, 20, 24, , 5
2018/1/9, 55, 7, 25, 16, , 4
2018/1/10, 36, 4, 22, 15, , 3
2018/1/11, 24, 8, 15, 22, 2, 3
2018/1/12, 26, 11, 11, 30, 5, 4
2018/1/13, 40, 6, 30, 7, 2, 3
2018/1/14, 24, 14, 15, 32, 2, 4
2018/1/15, 47, 22, 13, 44, 4, 7
2018/1/16, 66, 32, 8, 37, 2, 6
2018/1/17, 85, 15, 18, 31, 3, 6
2018/1/18, 46, 11, 24, 17, 1, 4
2018/1/19, 44, 11, 20, 10, , 2
2018/1/20, 39, , , , , 
2018/1/22, 31, 10, 21, 25, , 3
2018/1/23, 39, 5, 24, 20, , 2
2018/1/24, 18, 4, 22, 10, , 2
2018/1/25, 7, 4, 27, 9, , 2
2018/1/26, 21, 5, 29, 5, 1, 3
2018/1/27, 23, 12, 27, 16, 2, 4
2018/1/28, 40, 13, 22, 25, 2, 5
2018/1/29, 51, 5, 23, 16, 2, 3
2018/1/30, 22, 15, 9, 38, 4, 5
2018/1/31, 48, 15, 15, 26, 1, 4
2018/2/1, 46, 10, 18, 17, , 3
2018/2/2, 37, 19, 17, 23, , 4
2018/2/3, 51, 9, 28, 13, 3, 3
2018/2/4, 36, 7, 25, 19, 3, 3
2018/2/5, 29, 7, 22, 17, 2, 3
2018/2/6, 33, 6, 23, 20, 2, 3
2018/2/7, 27, 6, 22, 18, , 3
2018/2/8, 26, 18, 23, 28, 3, 4
2018/2/9, 57, 27, 36, 33, 3, 5
2018/2/10, 68, 15, 31, 11, 2, 3
2018/2/11, 47, 6, 30, 7, , 3
2018/2/12, 27, 6, 26, 21, , 3
2018/2/13, 28, 9, 21, 21, , 3
2018/2/14, 23, 13, 26, 23, 3, 4
2018/2/15, 47, 9, 27, 15, 3, 2
2018/2/16, 30, 10, 28, 12, 2, 2
2018/2/17, 40, 6, 31, 4, , 
2018/2/18, 26, 10, 23, 25, 4, 4
2018/2/19, 32, 13, 25, 25, 4, 3
2018/2/20, 42, 11, 24, 22, 2, 3
2018/2/21, 39, 9, 26, 12, 1, 3
2018/2/22, 33, 14, 19, 22, , 4
2018/2/23, 45, 17, 30, 23, 3, 4
2018/2/24, 60, 9, 29, 8, , 2
2018/2/25, 34, 13, 31, 12, , 2
2018/2/26, 42, 16, 26, 23, 4, 3
2018/2/27, 49, 25, 32, 27, 2, 4
2018/2/28, 72, 14, 35, 17, , 4
2018/3/1, 39, 7, 36, 8, , 2
2018/3/2, 28, 13, 24, 26, 6, 5
2018/3/3, 46, 21, 37, 20, 3, 4
2018/3/4, 61, 13, 28, 13, 1, 3
2018/3/5, 36, 7, 32, 8, , 2
2018/3/6, 34, 9, 30, 10, , 2
2018/3/7, 31, 6, 22, 16, , 3
2018/3/8, 26, 6, 26, 15, , 3
2018/3/9, 35, 7, 31, 10, 2, 3
2018/3/10, 22, 12, 32, 12, 3, 3
2018/3/11, 37, 11, 35, 15, 4, 4
2018/3/12, 40, 20, 30, 29, 3, 4
2018/3/13, 55, 33, 26, 47, 8, 6
2018/3/14, 72, 33, 37, 28, 3, 4
2018/3/15, 74, 11, 32, 12, , 2
2018/3/16, 28, 8, 30, 10, 2, 2
2018/3/17, 27, 10, 35, 12, 2, 3
2018/3/18, 36, 21, 23, 28, , 4
2018/3/19, 56, 10, 32, 8, , 2
2018/3/20, 28, 8, 28, 10, , 3
2018/3/21, 26, 5, 24, 16, , 3
2018/3/22, 23, 5, 27, 14, 2, 2
2018/3/23, 28, 8, 28, 18, 4, 3
2018/3/24, 31, 14, 46, 12, 3, 3
2018/3/25, 48, 30, 34, 30, 3, 5
2018/3/26, 76, 44, 56, 34, 5, 6
2018/3/27, 96, 47, 48, 30, 4, 5
2018/3/28, 99, 41, 49, 31, 5, 6
2018/3/29, 93, 13, 44, 7, 2, 2
2018/3/30, 47, 10, 43, 12, 2, 3
2018/3/31, 44, 16, 46, 8, 1, 3
2017/10/1, 48, 15, 23, 22, 3, 3
2017/10/2, 38, 22, 34, 16, 2, 3
2017/10/3, 59, 9, 26, 8, 1, 2
2017/10/4, 24, 7, 30, 8, , 1
2017/10/5, 24, 12, 23, 14, , 2
2017/10/6, 35, 6, 24, 11, , 4
2017/10/7, 24, 13, 30, 11, 2, 3
2017/10/8, 44, 10, 33, 11, 3, 3
2017/10/9, 41, 21, 48, 25, 2, 4
2017/10/10, 62, 33, 19, 20, 2, 5
2017/10/11, 61, 36, 42, 23, 4, 4
2017/10/12, 80, 7, 24, 10, , 2
2017/10/13, 14, 6, 22, 10, , 3
2017/10/14, 22, 8, 18, 9, , 2
2017/10/15, 28, 7, 18, 11, , 2
2017/10/16, 21, 8, 18, 14, , 3
2017/10/17, 22, 13, 29, 12, , 3
2017/10/18, 40, 9, 22, 11, , 
2017/10/19, 25, 4, 21, 11, , 2
2017/10/20, 17, 5, 14, 12, , 2
2017/10/21, 15, 4, 24, 5, , 1
2017/10/22, 11, 10, 33, 5, 2, 1
2017/10/23, 37, 10, 24, 9, , 2
2017/10/24, 28, 13, 19, 16, , 3
2017/10/25, 41, 13, 29, 17, , 3
2017/10/26, 42, 18, 26, 22, 2, 4
2017/10/27, 55, 22, 19, 18, 1, 3
2017/10/28, 59, 8, 21, 8, , 2
2017/10/29, 24, 5, 30, 6, 1, 2
2017/10/30, 26, 11, 24, 20, 3, 5
2017/10/31, 35, 14, 12, 28, 2, 4
2017/11/1, 49, 16, 33, 19, 2, 3
2017/11/2, 55, 17, 33, 16, 3, 3
2017/11/3, 52, 18, 30, 15, 2, 3
2017/11/4, 68, 13, 33, 7, 2, 3
2017/11/5, 41, 22, 11, 31, 4, 4
2017/11/6, 69, 27, 16, 34, 5, 5
2017/11/7, 84, 30, 11, 31, 1, 5
2017/11/8, 84, 19, 29, 10, , 4
2017/11/9, 57, 19, 19, 27, 4, 5
2017/11/10, 53, 11, 31, 8, 2, 3
2017/11/11, 59, 6, 29, 6, 2, 1
2017/11/12, 27, 14, 13, 22, 2, 3
2017/11/13, 46, 26, 12, 25, , 5
2017/11/14, 61, 19, 11, 21, 1, 5
2017/11/15, 61, 10, 26, 12, , 3
2017/11/16, 41, 9, 16, 20, 3, 3
2017/11/17, 32, 19, 18, 24, 1, 4
2017/11/18, 55, 6, 26, 6, 2, 3
2017/11/19, 19, 11, 14, 22, 4, 4
2017/11/20, 35, 7, 26, 12, , 3
2017/11/21, 31, 19, 7, 31, , 4
2017/11/22, 57, 15, 25, 15, , 3
2017/11/23, 40, 5, 21, 19, 2, 3
2017/11/24, 28, 8, 12, 30, 3, 5
2017/11/25, 36, 11, 29, 16, 1, 4
2017/11/26, 43, 12, 20, 16, , 3
2017/11/27, 38, 18, 17, 21, , 3
2017/11/28, 52, 28, 11, 40, 6, 6
2017/11/29, 65, 16, 17, 20, 1, 3
2017/11/30, 46, 6, 14, 15, , 2
2017/12/1, 22, 7, 16, 16, , 3
2017/12/2, 24, 15, 21, 18, 1, 4
2017/12/3, 42, 15, 10, 26, , 4
2017/12/4, 53, 10, 20, 26, 3, 4
2017/12/5, 42, 5, 19, 16, , 3
2017/12/6, 29, 12, 10, 30, 2, 4
2017/12/7, 41, 24, 12, 33, 2, 6
2017/12/8, 69, 7, 21, 19, 3, 4
2017/12/9, 28, 12, 23, 20, 2, 4
2017/12/10, 47, 15, 22, 28, , 5
2017/12/11, 54, 4, 22, 15, 2, 2
2017/12/12, 14, 3, 21, 11, , 2
2017/12/13, 20, 4, 24, 10, 2, 2
2017/12/14, 21, 13, 8, 31, 2, 4
2017/12/15, 39, 33, 6, 44, 3, 7
2017/12/16, 82, 14, 27, 12, 1, 5
2017/12/17, 45, 12, 17, 28, 4, 5
2017/12/18, 33, 14, 21, 24, 1, 4
2017/12/19, 58, 9, 17, 25, 2, 4
2017/12/20, 34, 14, 18, 26, 1, 4
2017/12/21, 50, 20, 6, 31, 6, 6
2017/12/22, 59, 23, 18, , 2, 6
2017/12/23, 64, 24, 13, , 4, 5
2017/12/24, 65, 35, 10, , 1, 4
2017/12/25, 51, , , 16, 2, 3
2017/12/26, 36, 3, 23, 10, , 2
2017/12/27, 10, 4, 27, 9, , 2
2017/12/28, 17, 5, 31, 10, 2, 4
2017/12/29, 20, 5, 29, 7, 1, 2
2017/12/30, 21, 9, 20, 12, 1, 3
2017/12/31, 35, 7, 28, 6, 1, 2
2017/7/1, 38, 21, 37, 16, 5, 3
2017/7/2, 48, 34, 57, 21, 3, 4
2017/7/3, 77, 32, 19, 22, 5, 3
2017/7/4, 71, 14, 35, 17, 6, 3
2017/7/5, 41, 12, 40, 11, 3, 2
2017/7/6, 44, 24, 54, 19, 3, 3
2017/7/7, 64, 30, 83, 17, 4, 4
2017/7/8, 77, 31, 59, 11, 3, 3
2017/7/9, 84, 14, 24, 11, 2, 1
2017/7/10, 51, 9, 12, 9, 2, 1
2017/7/11, 43, 17, 17, 9, , 1
2017/7/12, 27, 15, 13, 7, , 1
2017/7/13, 39, 11, 18, 11, 3, 2
2017/7/14, 42, 18, 42, 17, 4, 3
2017/7/15, 48, 30, 73, 19, 4, 4
2017/7/16, 71, 24, 57, 11, 3, 3
2017/7/17, 56, 29, 44, 14, 2, 2
2017/7/18, 60, 24, 54, 20, 4, 4
2017/7/19, 55, 16, 30, 11, 1, 1
2017/7/20, 47, 15, 17, 11, 2, 1
2017/7/21, 46, 11, 13, 7, 2, 1
2017/7/22, 43, 9, 13, 4, , 1
2017/7/23, 20, 13, 22, 9, , 1
2017/7/24, 35, 21, 25, 12, , 2
2017/7/25, 37, 13, 20, 9, , 1
2017/7/26, 25, 10, 28, 8, , 2
2017/7/27, 28, 13, 28, 13, 4, 2
2017/7/28, 42, 22, 16, 11, 2, 2
2017/7/29, 47, 11, 15, 5, 2, 1
2017/7/30, 27, 14, 34, 15, 3, 3
2017/7/31, 63, 19, 23, 11, 2, 1
2017/8/1, 38, 9, 18, 6, , 1
2017/8/2, 28, 10, 21, 13, , 2
2017/8/3, 36, 14, 19, 13, 3, 2
2017/8/4, 40, 20, 40, 16, 3, 3
2017/8/5, 50, 26, 35, 11, 4, 3
2017/8/6, 59, 23, 10, 11, 2, 2
2017/8/7, 43, 30, 45, 9, 2, 2
2017/8/8, 60, 27, 68, 14, 5, 4
2017/8/9, 46, 30, 13, 14, 2, 2
2017/8/10, 48, 12, 12, 5, , 1
2017/8/11, 24, 12, 23, 6, , 2
2017/8/12, 38, 11, 20, 7, 2, 2
2017/8/13, 36, 21, 10, 9, 1, 2
2017/8/14, 34, 11, 12, 8, 1, 2
2017/8/15, 22, 8, 13, 5, , 2
2017/8/16, 14, 10, 19, 8, , 1
2017/8/17, 27, 27, 19, 17, 3, 3
2017/8/18, 49, 25, 24, 14, 2, 3
2017/8/19, 61, 10, 26, 7, 2, 2
2017/8/20, 37, 20, 34, 16, 3, 2
2017/8/21, 49, 24, 23, 13, 2, 3
2017/8/22, 49, 21, 51, 11, 2, 3
2017/8/23, 50, 25, 54, 22, 4, 4
2017/8/24, 69, 38, 58, 21, 3, 4
2017/8/25, 77, 34, 54, 15, 2, 3
2017/8/26, 65, 14, 36, 5, 1, 2
2017/8/27, 39, 17, 41, 13, 3, 3
2017/8/28, 51, 18, 21, 9, , 1
2017/8/29, 48, 27, 24, 13, 2, 2
2017/8/30, 50, 10, 28, 7, , 2
2017/8/31, 19, 7, 32, 6, , 1
2017/9/1, 40, 6, 30, 5, , 1
2017/9/2, 31, 10, 37, 11, 3, 3
2017/9/3, 47, 14, 16, 13, 1, 2
2017/9/4, 34, 14, 31, 13, , 2
2017/9/5, 45, 17, 11, 14, , 2
2017/9/6, 37, , , , , 
2017/9/11, 50, 13, 20, 16, 1, 3
2017/9/12, 27, 9, 35, 15, 4, 2
2017/9/13, 33, 15, 49, 13, 1, 2
2017/9/14, 46, 10, 33, 8, 3, 2
2017/9/15, 32, 10, 24, 7, 1, 2
2017/9/16, 29, 6, 21, 5, , 2
2017/9/17, 19, 15, 39, 9, 2, 2
2017/9/18, 58, 13, 39, 14, 3, 3
2017/9/19, 45, 26, 30, 24, 2, 4
2017/9/20, 63, 16, 45, 14, 7, 4
2017/9/21, 54, 17, 25, 19, 3, 3
2017/9/22, 49, 7, 34, 4, , 2
2017/9/23, 25, 14, 35, 13, 5, 5
2017/9/24, 39, 18, 36, 20, 2, 4
2017/9/25, 57, 19, 36, 19, 3, 3
2017/9/26, 48, 14, 27, 15, 2, 2
2017/9/27, 34, 8, 25, 8, 1, 
2017/9/28, 25, 9, 30, 18, 3, 2
2017/9/29, 35, 16, 28, 18, 1, 3
2017/9/30, 42, 15, 39, 13, 4, 3
2017/4/1, 36, 9, 38, 8, 2, 3
2017/4/2, 36, 11, 34, 18, 3, 3
2017/4/3, 48, 16, 39, 21, 4, 3
2017/4/4, 54, 20, 44, 22, 2, 3
2017/4/5, 60, 17, 39, 15, 1, 2
2017/4/6, 52, 15, 37, 13, , 3
2017/4/7, 36, 12, 21, 19, , 3
2017/4/8, 33, 17, 37, 10, , 3
2017/4/9, 37, 10, 33, 13, 2, 2
2017/4/10, 39, 10, 27, 21, 1, 3
2017/4/11, 41, 7, 41, 13, 1, 3
2017/4/12, 32, 13, 36, 19, 4, 3
2017/4/13, 46, 18, 49, 26, 5, 3
2017/4/14, 61, 21, 53, 15, 2, 3
2017/4/15, 58, 19, 44, 22, 5, 4
2017/4/16, 60, 20, 34, 27, 3, 3
2017/4/17, 63, 13, 37, 14, 2, 2
2017/4/18, 43, 11, 45, 13, 2, 3
2017/4/19, 45, 11, 36, 15, 3, 3
2017/4/20, 39, 17, 36, 29, 5, 4
2017/4/21, 50, 23, 41, 16, 1, 3
2017/4/22, 59, 7, 42, 5, 1, 2
2017/4/23, 43, 10, 35, 18, 2, 3
2017/4/24, 40, 10, 36, 17, 2, 2
2017/4/25, 46, 9, 32, 13, 1, 3
2017/4/26, 33, 8, 39, 12, 2, 2
2017/4/27, 33, 11, 39, 19, 3, 2
2017/4/28, 45, 13, 55, 11, 2, 2
2017/4/29, 55, 14, 60, 12, 3, 3
2017/4/30, 55, 19, 52, 16, 1, 3
2017/5/1, 62, 6, 43, 9, 3, 3
2017/5/2, 38, 6, 43, 10, 1, 2
2017/5/3, 34, 8, 43, 7, 1, 2
2017/5/4, 32, 12, 45, 9, 2, 3
2017/5/5, 50, 13, 37, 7, 1, 2
2017/5/6, 43, 21, 43, 8, 2, 2
2017/5/7, 49, 36, 42, 27, 5, 3
2017/5/8, 84, 19, 39, 17, 3, 2
2017/5/9, 50, 18, 22, 21, 3, 2
2017/5/10, 51, 13, 41, 21, 3, 3
2017/5/11, 46, 24, 53, 16, 1, 3
2017/5/12, 65, 27, 42, 12, 1, 3
2017/5/13, 59, 3, 35, 2, , 2
2017/5/14, 16, 11, 31, 14, 2, 2
2017/5/15, 38, 17, 39, 14, 4, 3
2017/5/16, 48, 12, 31, 9, 2, 2
2017/5/17, 35, 13, 36, 14, , 2
2017/5/18, 37, 25, 61, 25, 3, 3
2017/5/19, 62, 28, 75, 20, 3, 4
2017/5/20, 72, 29, 85, 14, 4, 4
2017/5/21, 81, 20, 39, 18, 3, 2
2017/5/22, 62, 11, 34, 12, 1, 2
2017/5/23, 50, 9, 31, 13, 1, 2
2017/5/24, 32, 11, 31, 12, , 2
2017/5/25, 28, 14, 22, 16, , 2
2017/5/26, 38, 18, 36, 13, 1, 2
2017/5/27, 66, 12, 57, 7, 1, 3
2017/5/28, 35, 19, 39, 18, 3, 3
2017/5/29, 63, 22, 48, 21, 4, 4
2017/5/30, 53, 32, 40, 14, 1, 2
2017/5/31, 71, 13, 28, 18, 2, 2
2017/6/1, 31, 15, 49, 14, 2, 2
2017/6/2, 61, 7, 44, 7, 2, 2
2017/6/3, 40, 6, 38, 2, 1, 1
2017/6/4, 44, 9, 36, 12, 2, 2
2017/6/5, 41, 10, 32, 13, 3, 2
2017/6/6, 29, 10, 28, 14, 1, 2
2017/6/7, 32, 6, 32, 11, 1, 1
2017/6/8, 29, 11, 38, 13, 2, 2
2017/6/9, 40, 17, 58, 12, 1, 3
2017/6/10, 49, 11, 40, 5, 1, 2
2017/6/11, 25, 9, 38, 10, 2, 1
2017/6/12, 35, 9, 23, 12, 1, 
2017/6/13, 28, 11, 34, 13, 4, 2
2017/6/14, 34, 15, 40, 17, 2, 2
2017/6/15, 43, 22, 58, 18, 3, 3
2017/6/16, 56, 8, 39, 8, 1, 1
2017/6/17, 37, 11, 34, 4, , 1
2017/6/18, 27, 12, 48, 9, 3, 2
2017/6/19, 47, 30, 42, 18, 3, 3
2017/6/20, 65, 20, 31, 12, 1, 1
2017/6/21, 41, 11, 48, 12, 2, 2
2017/6/22, 34, 21, 80, 20, 2, 3
2017/6/23, 65, 15, 39, 14, 2, 3
2017/6/24, 45, 18, 23, 10, 2, 2
2017/6/25, 39, 16, 28, 18, 5, 2
2017/6/26, 44, 23, 29, 17, 2, 3
2017/6/27, 56, 28, 32, 25, 3, 4
2017/6/28, 60, , 45, 22, 5, 4
2017/6/30, 38, 14, 29, 14, , 2
2017/1/2, 45, 11, 34, 13, 2, 4
2017/1/3, 40, 12, 33, 12, 2, 4
2017/1/4, 52, 6, 31, 6, 1, 2
2017/1/5, 25, 5, 26, 14, , 3
2017/1/6, 24, 15, 15, 32, 1, 5
2017/1/7, 44, 17, 20, 20, , 5
2017/1/8, 55, 4, 27, 11, , 3
2017/1/9, 19, 7, 24, 23, 3, 4
2017/1/10, 32, 5, 22, 18, 3, 3
2017/1/11, 29, 7, 21, 26, 1, 4
2017/1/12, 25, 8, 20, 30, 2, 4
2017/1/13, 45, 4, 22, 16, , 3
2017/1/14, 17, 3, 26, 8, 3, 2
2017/1/15, 18, 4, 24, 22, 2, 4
2017/1/16, 25, 5, 23, 18, 3, 3
2017/1/17, 22, 7, 14, 30, 3, 4
2017/1/18, 29, 10, 28, 18, 1, 4
2017/1/19, 28, 21, 20, 26, , 4
2017/1/20, 81, 11, 31, 11, 2, 3
2017/1/21, 33, 18, 27, 20, 2, 4
2017/1/22, 59, 6, 29, 9, 5, 3
2017/1/23, 19, 5, 28, 14, 2, 3
2017/1/24, 22, 4, 29, 13, 5, 2
2017/1/25, 22, 9, 22, 29, 4, 4
2017/1/26, 35, 13, 25, 34, 1, 5
2017/1/27, 48, 9, 25, 20, 4, 4
2017/1/28, 34, 15, 26, 18, 1, 4
2017/1/29, 47, 18, 29, 23, , 5
2017/1/30, 66, 4, 29, 8, , 2
2017/1/31, 21, 8, 26, 18, , 3
2017/2/1, 31, 4, 30, 9, 3, 2
2017/2/2, 25, 5, 30, 15, 3, 3
2017/2/3, 33, 8, 31, 18, 3, 4
2017/2/4, 33, 14, 23, 22, 2, 4
2017/2/5, 46, 12, 35, 14, 2, 4
2017/2/6, 39, 6, 32, 7, 3, 2
2017/2/7, 25, 4, 31, 8, 2, 2
2017/2/8, 22, 11, 19, 21, , 4
2017/2/9, 35, 9, 30, 12, 2, 3
2017/2/10, 34, 4, 30, 11, 1, 3
2017/2/11, 25, 4, 31, 7, 2, 2
2017/2/12, 22, 3, 30, 11, 2, 2
2017/2/13, 24, 4, 31, 10, 5, 2
2017/2/14, 22, 7, 30, 16, 4, 3
2017/2/15, 26, 14, 25, 29, 3, 4
2017/2/16, 52, 15, 31, 28, , 5
2017/2/17, 57, 6, 32, 11, , 2
2017/2/18, 24, 6, 34, 9, 4, 3
2017/2/19, 28, 14, 34, 19, 2, 3
2017/2/20, 47, 4, 33, 7, 2, 2
2017/2/21, 21, 7, 29, 21, 3, 3
2017/2/22, 32, 13, 31, 19, , 3
2017/2/23, 41, 6, 34, 7, 2, 2
2017/2/24, 21, 9, 27, 19, 4, 3
2017/2/25, 33, 9, 35, 15, 4, 4
2017/2/26, 37, 7, 33, 11, 1, 2
2017/2/27, 27, 9, 32, 11, , 3
2017/2/28, 31, 14, 28, 22, 4, 4
2017/3/1, 46, 27, 17, 22, , 4
2017/3/2, 57, 10, 35, 17, 3, 4
2017/3/3, 38, 12, 28, 24, 4, 4
2017/3/4, 43, 22, 40, 18, 3, 4
2017/3/5, 61, 32, 26, 30, 1, 5
2017/3/6, 67, 8, 32, 14, 3, 3
2017/3/7, 32, 12, 24, 22, 2, 4
2017/3/8, 32, 11, 25, 24, 3, 4
2017/3/9, 31, 10, 37, 15, 2, 4
2017/3/10, 32, 8, 37, 9, 2, 3
2017/3/11, 32, 9, 36, 10, 3, 3
2017/3/12, 35, 15, 26, 18, 1, 3
2017/3/13, 47, 13, 26, 13, , 2
2017/3/14, 39, 7, 31, 10, , 2
2017/3/15, 22, 10, 32, 21, 3, 3
2017/3/16, 37, 8, 39, 9, 1, 2
2017/3/17, 28, 13, 37, 20, 3, 3
2017/3/18, 44, 37, 65, 14, 4, 4
2017/3/19, 90, 31, 50, 11, 3, 4
2017/3/20, 79, 13, 38, 17, 2, 3
2017/3/21, 41, 12, 40, 6, , 2
2017/3/22, 39, 15, 34, 18, 3, 3
2017/3/23, 52, 9, 36, 8, 2, 2
2017/3/24, 43, 11, 35, 12, 2, 3
2017/3/25, 40, 9, 27, 8, 1, 2
2017/3/26, 33, 4, 30, 10, , 2
2017/3/27, 15, 13, 35, 19, 2, 3
2017/3/28, 39, 20, 31, 24, 3, 4
2017/3/29, 59, 32, 36, 37, 7, 5
2017/3/30, 71, 15, 41, 14, 1, 3
2017/3/31, 53, 9, 33, 8, , 2
2016/10/1, 32, 22, 60, 13, 6, 4
2016/10/2, 66, 26, 10, 19, 4, 3
2016/10/3, 68, 11, 30, 13, 4, 3
2016/10/4, 54, 19, 25, 16, 2, 3
2016/10/5, 42, 8, 30, 8, , 2
2016/10/6, 39, 11, 28, 12, 3, 2
2016/10/7, 51, 18, 16, 21, 2, 4
2016/10/8, 50, 8, 27, 5, , 2
2016/10/9, 27, 5, 25, 6, , 2
2016/10/10, 23, 7, 23, 9, , 2
2016/10/11, 25, 11, 25, 21, 4, 3
2016/10/12, 55, 9, 23, 11, 1, 2
2016/10/13, 24, 11, 25, 16, , 3
2016/10/14, 50, 16, 34, 21, 2, 4
2016/10/15, 75, 18, 36, 15, 1, 4
2016/10/16, 67, 20, 9, 29, 1, 5
2016/10/17, 60, 13, 22, 16, 1, 3
2016/10/18, 57, 13, 26, 14, 2, 3
2016/10/19, 36, 17, 36, 12, 1, 3
2016/10/20, 45, 15, 32, 18, 5, 3
2016/10/21, 45, 20, 19, 18, 2, 3
2016/10/22, 56, 18, 33, 8, , 2
2016/10/23, 76, 8, 25, 16, 3, 3
2016/10/24, 52, 15, 13, 27, 2, 4
2016/10/25, 48, 27, 11, 38, 5, 5
2016/10/26, 76, 11, 31, 10, 1, 3
2016/10/27, 45, 17, 12, 23, , 3
2016/10/28, 48, 7, 27, 12, , 3
2016/10/29, 41, 10, 24, 6, , 2
2016/10/30, 36, 20, 12, 25, , 4
2016/10/31, 64, 17, 13, 25, 2, 4
2016/11/1, 53, 5, 19, 14, , 3
2016/11/2, 29, 8, 31, 10, , 2
2016/11/3, 48, 7, 29, 14, 3, 3
2016/11/4, 38, 18, 24, 26, 3, 4
2016/11/5, 64, 17, 32, 10, , 3
2016/11/6, 66, 11, 28, 9, , 2
2016/11/7, 41, 26, 7, 32, , 4
2016/11/8, 70, 8, 30, 8, , 2
2016/11/9, 38, 6, 28, 14, , 3
2016/11/10, 30, 10, 11, 20, , 3
2016/11/11, 36, 9, 19, 18, , 3
2016/11/12, 40, 23, 17, 24, 4, 6
2016/11/13, 65, 27, 9, 26, 1, 5
2016/11/14, 70, 17, 20, 18, , 3
2016/11/15, 57, 6, 27, 9, , 3
2016/11/16, 25, 9, 21, 17, , 3
2016/11/17, 26, 14, 19, 25, 4, 4
2016/11/18, 44, 20, 7, 24, , 4
2016/11/19, 56, 24, 10, 25, 3, 7
2016/11/20, 64, 19, 19, 19, , 4
2016/11/21, 47, 23, 14, 28, 3, 6
2016/11/22, 62, 7, 23, 11, 1, 3
2016/11/23, 26, 4, 21, 17, , 3
2016/11/24, 35, 10, 6, 29, 3, 4
2016/11/25, 37, 9, 16, 21, , 4
2016/11/26, 40, 11, 14, 16, , 4
2016/11/27, 40, 6, 26, 11, , 3
2016/11/28, 23, 5, 26, 8, 2, 2
2016/11/29, 29, 9, 22, 17, , 3
2016/11/30, 40, 21, 12, 28, 1, 5
2016/12/1, 60, 10, 26, 13, , 3
2016/12/2, 36, 11, 19, 24, , 4
2016/12/3, 36, 23, 18, 24, 3, 5
2016/12/4, 66, 22, 18, 26, 2, 5
2016/12/5, 60, 13, 26, 18, 1, 4
2016/12/6, 44, 9, 22, 19, , 4
2016/12/7, 31, 10, 22, 21, 2, 3
2016/12/8, 50, 13, 26, 27, 2, 4
2016/12/9, 51, 6, 26, 9, 1, 3
2016/12/10, 26, 5, 27, 5, , 2
2016/12/11, 24, 4, 20, 13, 3, 4
2016/12/12, 38, , 5, , 1, 6
2016/12/13, 80, 3, , , , 3
2016/12/14, 32, 4, , 21, , 3
2016/12/15, 25, 7, 49, 19, , 3
2016/12/16, 23, 1, 37, 30, 4, 5
2016/12/17, 45, , 38, 26, 1, 5
2016/12/19, 67, 31, 8, 46, 6, 7
2016/12/20, 75, 31, 6, 48, 5, 8
2016/12/21, 76, 28, 23, 32, 2, 7
2016/12/22, 66, 9, 25, 9, , 4
2016/12/23, 27, 4, 25, 9, 2, 2
2016/12/24, 16, 6, 20, 19, 1, 4
2016/12/25, 31, 14, 4, 33, , 6
2016/12/26, 52, 11, 25, 21, , 4
2016/12/27, 46, 5, 27, 7, , 2
2016/12/28, 28, 11, 17, 22, , 5
2016/12/29, 33, 4, 27, 5, 2, 2
2016/12/30, 24, 6, 23, 14, 2, 4
2016/12/31, 29, , , , , 
2016/7/1, 92, 40, 31, 14, 2, 3
2016/7/2, 87, 22, 24, 10, 7, 3
2016/7/3, 51, 26, 44, 16, 3, 3
2016/7/4, 71, 11, 23, 7, 3, 2
2016/7/5, 23, 19, 15, 23, 4, 4
2016/7/6, 49, 26, 47, 22, 3, 4
2016/7/7, 62, 24, 29, 21, 4, 3
2016/7/8, 59, 20, 22, 12, 3, 3
2016/7/9, 47, 12, 31, 12, 4, 3
2016/7/10, 51, 21, 53, 24, 4, 4
2016/7/11, 66, 29, 44, 17, 4, 4
2016/7/12, 64, 48, 16, 31, 4, 4
2016/7/13, 85, 40, 59, 21, 2, 4
2016/7/14, 109, 13, 17, , , 2
2016/7/15, 28, 18, 25, , 4, 4
2016/7/16, 47, 32, 25, , 2, 3
2016/7/17, 63, 32, 40, , 3, 3
2016/7/18, 70, 19, 45, , 3, 3
2016/7/19, 57, 14, 33, , 2, 3
2016/7/20, 42, 10, 16, 11, 1, 2
2016/7/21, 21, 7, 13, 9, , 2
2016/7/22, 19, 8, 24, 7, , 1
2016/7/23, 32, 9, 27, 5, 1, 1
2016/7/24, 49, 15, 24, 15, 7, 2
2016/7/25, 47, 18, 14, 23, 9, 3
2016/7/26, 48, 10, 15, 17, 1, 2
2016/7/27, 33, 11, 14, 17, 3, 2
2016/7/28, 30, 9, 23, 17, 4, 2
2016/7/29, 78, 10, 31, 15, 3, 3
2016/7/30, 77, 10, 14, 4, 1, 1
2016/7/31, 47, 9, 12, 7, 2, 2
2016/8/1, 37, 14, 8, 15, 3, 3
2016/8/2, 38, 11, 17, 15, 2, 3
2016/8/3, 66, 12, 27, 14, 2, 3
2016/8/4, 41, 17, 34, 14, 2, 2
2016/8/5, 62, 16, 31, 14, 4, 2
2016/8/6, 65, 12, 17, 6, 2, 1
2016/8/7, 78, 8, 20, 5, , 1
2016/8/8, 44, 13, 37, 12, , 2
2016/8/9, 75, 21, 43, 11, 2, 2
2016/8/10, 69, 14, 37, 7, 2, 3
2016/8/11, 47, 17, 38, 10, 3, 2
2016/8/12, 39, 16, 56, 10, 3, 3
2016/8/13, 59, 13, 43, 5, 3, 2
2016/8/14, 47, 17, 30, 12, 4, 3
2016/8/15, 43, 14, 16, 6, 2, 2
2016/8/16, 52, 25, 35, 8, 2, 2
2016/8/17, 61, 26, 13, 17, 3, 3
2016/8/18, 45, 11, 11, 7, 1, 2
2016/8/19, 41, 11, 5, 7, 2, 2
2016/8/20, 35, 12, 10, 7, 2, 2
2016/8/21, 58, 17, 16, 8, 1, 2
2016/8/22, 29, 19, 16, 17, 1, 3
2016/8/23, 52, 11, 19, 15, 2, 2
2016/8/24, 41, 15, 11, 16, 4, 3
2016/8/25, 40, 14, 16, 14, 3, 3
2016/8/26, 85, 13, 19, 9, 2, 2
2016/8/27, 20, 10, 19, 5, , 
2016/8/28, 31, 10, 11, 7, , 
2016/8/29, 40, 10, 25, 8, , 2
2016/8/30, 29, 17, 37, 12, , 2
2016/8/31, 56, 20, 32, 15, 2, 2
2016/9/1, 23, 30, 49, 15, 2, 3
2016/9/2, 61, 18, 25, 6, , 2
2016/9/3, 57, 16, 27, 8, 2, 2
2016/9/4, 60, 17, 16, 15, 2, 3
2016/9/5, 57, 13, 18, 11, 1, 2
2016/9/6, 53, 11, 23, 11, , 2
2016/9/7, 44, 17, 10, 11, , 2
2016/9/8, 27, 14, 39, 15, 4, 3
2016/9/9, 49, 15, 41, 9, 2, 3
2016/9/10, 54, 11, 34, 7, 2, 3
2016/9/11, 34, 14, 30, 8, , 2
2016/9/12, 43, 9, 16, 14, , 2
2016/9/13, 24, 9, 14, 21, 3, 4
2016/9/14, 38, 20, 14, 20, 2, 3
2016/9/15, 51, 15, 12, 16, , 3
2016/9/16, 32, 26, 36, 23, 4, 4
2016/9/17, 62, 17, 15, 8, 1, 3
2016/9/18, 41, 8, 19, 6, , 2
2016/9/19, 16, 4, 22, 10, , 2
2016/9/20, 11, 8, 21, 9, , 
2016/9/21, 27, 6, 17, 9, , 1
2016/9/22, 21, 12, 4, 24, , 4
2016/9/23, 34, 20, 6, 23, , 4
2016/9/24, 44, 21, 35, 16, 4, 4
2016/9/25, 56, 29, 40, 19, 2, 4
2016/9/26, 62, 32, 14, 20, 2, 3
2016/9/27, 66, 24, 24, 14, , 3
2016/9/28, 52, 22, 13, 14, , 3
2016/9/29, 59, 9, 23, 14, 4, 2
2016/9/30, 38, 14, 20, 12, 1, 2
2016/4/1, 63, 19, 39, 18, 2, 3
2016/4/2, 53, 14, 33, 11, , 4
2016/4/3, 55, 21, 31, 14, 2, 4
2016/4/4, 45, 9, 27, 18, 2, 3
2016/4/5, 30, 18, 33, 27, 4, 4
2016/4/6, 56, 14, 20, 28, 2, 4
2016/4/7, 46, 8, 30, 22, 3, 3
2016/4/8, 36, 18, 41, 17, 2, 3
2016/4/9, 53, 19, 51, 15, 2, 4
2016/4/10, 61, 14, 37, 7, 1, 2
2016/4/11, 46, 15, 35, 14, 2, 3
2016/4/12, 58, 17, 30, 22, 1, 4
2016/4/13, 56, 9, 19, 17, 1, 3
2016/4/14, 36, 8, 39, 10, 1, 3
2016/4/15, 47, 11, 46, 15, 2, 3
2016/4/16, 46, 14, 43, 4, , 2
2016/4/17, 46, 19, 42, 16, 1, 3
2016/4/18, 58, 17, 42, 17, 3, 3
2016/4/19, 60, 13, 38, 14, 2, 3
2016/4/20, 46, 14, 37, 17, 1, 3
2016/4/21, 46, 14, 36, 14, 1, 3
2016/4/22, 50, 12, 37, 13, 2, 3
2016/4/23, 44, 20, 40, 7, , 3
2016/4/24, 62, 18, 36, 16, 2, 3
2016/4/25, 64, 17, 37, 23, 3, 3
2016/4/26, 60, 20, 27, 20, 3, 3
2016/4/27, 55, 11, 26, 11, 1, 2
2016/4/28, 29, 6, 40, 4, , 2
2016/4/29, 29, 13, 41, 11, 2, 3
2016/4/30, 51, 24, 53, 22, 5, 4
2016/5/1, 75, 24, 38, 14, 2, 3
2016/5/2, 71, 25, 44, 12, 3, 4
2016/5/3, 71, 14, 47, 5, , 2
2016/5/4, 49, 17, 63, 7, 3, 3
2016/5/5, 67, 13, 40, 15, 1, 2
2016/5/6, 40, 11, 46, 11, 1, 3
2016/5/7, 43, 24, 50, 5, 1, 2
2016/5/8, 79, 27, 33, 18, 3, 3
2016/5/9, 68, 9, 25, 20, 2, 3
2016/5/10, 39, 8, 27, 11, 1, 2
2016/5/11, 32, 10, 40, 16, 3, 3
2016/5/12, 57, 12, 38, 22, 3, 3
2016/5/13, 52, 17, 44, 14, 1, 3
2016/5/14, 62, 13, 49, 5, 1, 3
2016/5/15, 49, 18, 35, 17, 3, 2
2016/5/16, 57, 10, 29, 13, , 3
2016/5/17, 31, 9, 44, 11, 2, 2
2016/5/18, 36, 12, 42, 13, 1, 3
2016/5/19, 58, 7, 30, 7, , 
2016/5/20, 26, 7, 36, 9, , 2
2016/5/21, 53, 12, 50, 5, , 3
2016/5/22, 50, 27, 60, 23, 3, 3
2016/5/23, 82, 31, 46, 29, 4, 3
2016/5/24, 89, 29, 49, 13, 2, 3
2016/5/25, 78, 20, 29, 11, , 2
2016/5/26, 62, 12, 37, 9, , 2
2016/5/27, 33, 26, 40, 21, 3, 4
2016/5/28, 72, 26, 57, 12, 2, 3
2016/5/29, 77, 9, 32, 9, 1, 2
2016/5/30, 32, 10, 39, 16, 3, 3
2016/5/31, 48, 12, 43, 12, 2, 2
2016/6/1, 55, 4, 35, 3, , 
2016/6/2, 50, 7, 35, 13, 2, 2
2016/6/3, 56, 12, 34, 12, , 2
2016/6/4, 43, 9, 37, 12, 3, 3
2016/6/5, 38, 18, 35, 10, 1, 3
2016/6/6, 55, 14, 22, 20, 2, 3
2016/6/7, 46, 17, 29, 20, 4, 4
2016/6/8, 59, 7, 15, 18, 2, 3
2016/6/9, 12, 11, 33, 21, 3, 3
2016/6/10, 21, 13, 37, 19, 5, 3
2016/6/11, 59, 10, 35, 9, 2, 3
2016/6/12, 45, 6, 25, 8, , 2
2016/6/13, 13, 8, 33, 13, 2, 3
2016/6/14, 38, 14, 23, 19, 2, 3
2016/6/15, 36, 11, 20, 18, 2, 2
2016/6/16, 37, 13, 25, 24, 4, 4
2016/6/17, 48, 16, 60, 11, 2, 2
2016/6/18, 61, 22, 45, 8, 2, 3
2016/6/19, 63, 21, 36, 16, 4, 4
2016/6/20, 67, 20, 39, 14, 1, 3
2016/6/21, 58, 29, 26, 21, 3, 4
2016/6/22, 81, 18, 29, 14, 1, 3
2016/6/23, 65, 14, 20, 19, 1, 3
2016/6/24, 28, 20, 32, 12, , 2
2016/6/25, 48, 16, 48, 13, 5, 3
2016/6/26, 49, 18, 34, 14, 2, 2
2016/6/27, 52, 14, 33, 12, 3, 2
2016/6/28, 38, 15, 25, 16, 6, 3
2016/6/29, 43, 30, 41, 26, 3, 4
2016/6/30, 72, 45, 69, 28, 6, 5
2016/3/30, 70, 24, 46, 22, 3, 4
2016/3/31, 56, 20, 41, 21, 4, 4
2021/1/6, , 7, 28, 12, , 3
2020/9/12, , 9, 17, 3, 2, 2
2020/6/25, , 31, 56, 19, 1, 2
2019/12/31, , 6, 28, 10, 1, 3
2020/1/21, , 14, 13, 24, 1, 3
2019/5/23, , 18, 60, 15, 2, 2
2019/5/30, , 13, 24, 16, 2, 2
2019/6/20, , 26, 35, 16, 3, 3
2018/12/31, , 7, 23, 12, 1, 3
2019/1/22, , 14, 17, 25, 3, 3
2018/12/11, , 3, 17, 13, 1, 2
2018/8/22, , 29, 4, 8, 1, 2
2018/5/31, , 9, 50, 7, 3, 2
2018/1/21, , 8, 14, 17, , 2
2017/9/10, , 15, 28, 15, 2, 2
2017/6/29, , 9, 27, 14, 1, 2
2017/1/1, , 10, 21, 21, 1, 5
2016/12/18, , 18, 16, 44, 2, 6
2016/1/4, , 24, 13, 36, 3, 6
2016/1/5, , 21, 25, 26, 4, 5
2016/1/6, , 11, 18, 20, 1, 3
2016/1/7, , 11, 23, 17, , 2
2016/1/8, , 11, 14, 29, , 4
2016/1/9, , 11, 21, 24, 3, 4
2016/1/10, , 12, 23, 22, 3, 4
2016/1/11, , 6, 23, 14, 1, 3
2016/1/12, , 7, 19, 19, , 3
2016/1/13, , 20, 7, 37, 4, 6
2016/1/14, , 18, 9, 37, 3, 6
2016/1/15, , 10, 23, 20, 1, 4
2016/1/16, , 9, 25, 19, 1, 4
2016/1/17, , 9, 30, 10, 2, 3
2016/1/18, , 6, 24, 19, , 7
2016/1/19, , 3, 26, 14, 1, 3
2016/1/20, , 3, 24, 15, 1, 3
2016/1/21, , 5, 23, 16, , 3
2016/1/22, , 5, 27, 10, 1, 2
2016/1/23, , 8, 26, 18, 2, 3
2016/1/24, , 10, 31, 10, 1, 3
2016/1/25, , 5, 28, 18, 2, 4
2016/1/26, , 12, 16, 32, 3, 5
2016/1/27, , 13, 22, 34, 2, 5
2016/1/28, , 15, 22, 39, 4, 5
2016/1/29, , 15, 20, 24, 1, 4
2016/1/30, , 6, 19, 14, , 3
2016/1/31, , 13, 24, 22, 4, 5
2016/2/1, , 14, 19, 23, 1, 4
2016/2/2, , 7, 29, 11, 2, 3
2016/2/3, , 6, 29, 15, 2, 3
2016/2/4, , 14, 18, 30, 5, 5
2016/2/5, , 14, 26, 30, 3, 5
2016/2/6, , 15, 30, 17, 1, 3
2016/2/7, , 5, 32, 6, 2, 3
2016/2/8, , 9, 22, 19, 2, 4
2016/2/9, , 16, 33, 23, 2, 5
2016/2/10, , 6, 32, 8, 2, 3
2016/2/11, , 9, 33, 12, 3, 3
2016/2/12, , 20, 15, 37, 4, 5
2016/2/13, , 23, 30, 24, 2, 4
2016/2/14, , 13, 32, 6, , 4
2016/2/15, , 3, 23, 9, , 3
2016/2/16, , 7, 25, 15, 3, 3
2016/2/17, , 7, 28, 20, 1, 4
2016/2/18, , 9, 19, 22, 3, 5
2016/2/19, , 19, 15, 37, 4, 5
2016/2/20, , 21, 11, 32, 2, 5
2016/2/21, , 7, 37, 8, , 3
2016/2/22, , 6, 29, 16, 2, 3
2016/2/23, , 17, 22, 24, 1, 4
2016/2/24, , 11, 31, 14, 2, 4
2016/2/25, , 6, 24, 17, 1, 3
2016/2/26, , 10, 26, 24, 3, 4
2016/2/27, , 19, 40, 17, 3, 4
2016/2/28, , 21, 39, 17, 2, 4
2016/2/29, , 13, 31, 20, 3, 4
2016/3/1, , 5, 35, 7, , 2
2016/3/2, , 8, 26, 27, 4, 4
2016/3/3, , 18, 17, 38, 5, 4
2016/3/4, , 28, 35, 23, 3, 4
2016/3/5, , 21, 28, 18, 2, 3
2016/3/6, , 21, 30, 14, 4, 4
2016/3/7, , 28, 12, 31, , 5
2016/3/8, , 34, 24, 32, 5, 5
2016/3/9, , 12, 26, 12, , 3
2016/3/10, , 10, 24, 15, , 3
2016/3/11, , 12, 27, 13, , 
2016/3/12, , 12, 29, 13, , 
2016/3/13, , 9, 30, 9, , 
2016/3/14, , 10, 24, 15, , 3
2016/3/15, , 10, 38, 10, 2, 3
2016/3/16, , 13, 18, 30, 4, 4
2016/3/17, , 19, 26, 37, 4, 4
2016/3/18, , 18, 38, 23, 2, 4
2016/3/19, , 13, 30, 17, , 3
2016/3/20, , 20, 43, 6, 3, 4
2016/3/21, , 9, 32, 9, 2, 3
2016/3/22, , 9, 35, 15, 3, 3
2016/3/23, , 18, 38, 21, 3, 3
2016/3/24, , 9, 29, 12, , 2
2016/3/25, , 4, 31, 12, 1, 2
2016/3/26, , 8, 27, 14, 3, 3
2016/3/27, , 7, 33, 10, 2, 3
2016/3/28, , 9, 24, 19, 2, 3
2016/3/29, , 13, 37, 20, 4, 4
2015/10/1, , 14, 28, 9, 1, 2
2015/10/2, , 13, 33, 23, 5, 4
2015/10/3, , 19, 46, 9, 1, 3
2015/10/4, , 18, 29, 7, , 2
2015/10/5, , 6, 32, 8, , 2
2015/10/6, , 9, 31, 7, , 2
2015/10/7, , 6, 36, 7, 2, 1
2015/10/8, , 9, 43, 15, 2, 3
2015/10/9, , 18, 25, 28, 3, 4
2015/10/10, , 31, 31, 10, 1, 2
2015/10/11, , 14, 34, 15, 4, 4
2015/10/12, , 24, 24, 22, 4, 3
2015/10/13, , 15, 27, 16, 1, 2
2015/10/14, , 8, 30, 18, 1, 3
2015/10/15, , 14, 17, 16, , 2
2015/10/16, , 15, 20, 13, , 2
2015/10/17, , 17, 33, 8, , 3
2015/10/18, , 17, 38, 15, , 3
2015/10/19, , 21, 29, 24, 4, 4
2015/10/20, , 31, 28, 14, , 4
2015/10/21, , 22, 29, 19, , 3
2015/10/22, , 23, 28, 13, 3, 3
2015/10/23, , 15, 39, 22, 2, 4
2015/10/24, , 28, 32, 4, , 3
2015/10/25, , 12, 33, 20, 5, 3
2015/10/26, , 10, 29, 23, 3, 4
2015/10/27, , 20, 45, 15, 1, 3
2015/10/28, , 19, 21, 16, 5, 3
2015/10/29, , 15, 21, 25, 4, 4
2015/10/30, , 18, 23, 10, 1, 2
2015/10/31, , 8, 28, 13, 2, 3
2015/11/1, , 11, 15, 22, 1, 4
2015/11/2, , 25, 31, , , 3
2015/11/4, , 9, 1, 38, 4, 5
2015/11/5, , 18, 23, 24, 2, 3
2015/11/6, , 19, 29, 19, 1, 3
2015/11/7, , 25, 16, 14, , 3
2015/11/8, , 22, 14, 19, , 4
2015/11/9, , 22, 11, 16, , 4
2015/11/10, , 10, 21, 15, , 3
2015/11/11, , 7, 23, 12, , 2
2015/11/12, , 7, 21, 16, , 2
2015/11/13, , 8, 17, 15, , 2
2015/11/14, , 8, 19, 16, , 4
2015/11/15, , 9, 18, 21, 3, 3
2015/11/16, , 7, 22, 23, , 3
2015/11/17, , 17, 20, 16, , 3
2015/11/18, , 18, 25, 9, , 2
2015/11/19, , 6, 16, 21, , 3
2015/11/20, , 10, 25, 15, , 3
2015/11/21, , 11, 23, 9, , 3
2015/11/22, , 16, 14, 13, , 3
2015/11/23, , 19, 21, 19, 4, 4
2015/11/24, , 13, 19, 11, , 
2015/11/25, , 5, 16, 14, , 3
2015/11/26, , 5, 24, 15, , 4
2015/11/27, , 6, 12, 31, 5, 6
2015/11/28, , 10, 24, 14, 1, 3
2015/11/29, , 5, 13, 22, , 3
2015/11/30, , 9, 24, 18, , 4
2015/12/1, , 10, 12, 23, , 3
2015/12/2, , 12, 4, 29, , 6
2015/12/3, , 23, 23, 16, , 3
2015/12/4, , 8, 15, 31, 2, 6
2015/12/5, , 9, 27, 12, , 4
2015/12/6, , 6, 21, 17, 2, 3
2015/12/7, , 7, 21, 20, , 3
2015/12/8, , 10, 10, 35, 2, 5
2015/12/9, , 17, 2, 46, 4, 7
2015/12/10, , 40, 25, 18, , 4
2015/12/11, , 18, 30, 9, , 3
2015/12/12, , 8, 21, 13, , 4
2015/12/13, , 17, 23, 15, , 3
2015/12/14, , 16, 12, 27, 1, 5
2015/12/15, , 20, 16, 29, 1, 6
2015/12/16, , 27, 22, 10, , 3
2015/12/17, , 4, 24, 12, , 3
2015/12/18, , 4, 26, 12, , 3
2015/12/19, , 4, 23, 20, 3, 4
2015/12/20, , 9, 9, 38, 1, 6
2015/12/21, , 31, 28, 13, , 3
2015/12/22, , 7, 16, 24, , 4
2015/12/23, , 23, 16, 21, , 4
2015/12/24, , 17, 27, 15, 2, 4
2015/12/25, , 11, 23, 18, 4, 4
2015/12/26, , 6, 26, 9, , 3
2015/12/27, , 7, 26, 17, 2, 4
2015/12/28, , 6, 26, 16, 2, 4
2015/12/29, , 7, 25, 13, , 3
2015/12/30, , 6, , , , 
2015/7/1, , 12, 26, 21, 1, 3
2015/7/2, , 20, 4, 32, , 3
2015/7/3, , 13, 17, 19, 1, 3
2015/7/4, , 19, 39, 6, , 2
2015/7/5, , 12, 27, 14, , 3
2015/7/6, , 17, 25, 33, 1, 6
2015/7/7, , 31, 28, 39, , 6
2015/7/8, , 56, , , , 
2015/7/10, , 19, 56, 17, 3, 2
2015/7/11, , 25, 73, 13, 2, 4
2015/7/12, , 35, 13, 8, 1, 1
2015/7/13, , 15, 10, 6, , 1
2015/7/14, , 11, 10, 9, 1, 2
2015/7/15, , 8, 6, 10, , 2
2015/7/16, , 35, 8, 8, , 1
2015/7/17, , 25, 9, 7, , 1
2015/7/18, , 18, 28, 6, 1, 1
2015/7/19, , 14, 66, 17, 8, 3
2015/7/20, , 34, 26, 17, 3, 3
2015/7/21, , 25, 12, 6, 1, 1
2015/7/22, , 8, 12, 9, , 1
2015/7/23, , 12, 45, 27, 2, 4
2015/7/24, , 28, 52, 29, 3, 5
2015/7/25, , 46, 110, 23, 6, 5
2015/7/26, , 55, 77, 24, 4, 3
2015/7/27, , 44, 58, 16, 3, 2
2015/7/28, , 42, 39, 20, 4, 3
2015/7/29, , 39, 47, 22, 2, 2
2015/7/30, , 39, 50, 23, 4, 3
2015/7/31, , 44, 85, 18, 5, 4
2015/8/1, , 64, 71, 12, 4, 3
2015/8/2, , 50, 39, 21, 4, 3
2015/8/3, , 43, 45, 14, 2, 2
2015/8/4, , 42, 14, 11, 2, 2
2015/8/5, , 17, 28, 14, 1, 1
2015/8/6, , 14, 92, 22, 5, 3
2015/8/7, , 35, 42, 8, 2, 2
2015/8/8, , 31, 35, 4, , 1
2015/8/9, , 17, 14, 9, , 1
2015/8/10, , 23, 19, 8, , 1
2015/8/11, , 13, 43, 12, 3, 2
2015/8/12, , 24, 19, 13, 2, 2
2015/8/13, , 27, 38, 8, 4, 3
2015/8/14, , 25, 14, 7, 1, 
2015/8/15, , 10, , , , 
2015/8/17, , 16, 23, 11, , 1
2015/8/18, , 11, 28, 20, 3, 2
2015/8/19, , 15, 20, 17, 2, 2
2015/8/20, , 23, 38, 16, 2, 3
2015/8/21, , 33, 16, 13, 2, 2
2015/8/22, , 24, 30, 4, 1, 1
2015/8/23, , 15, 28, 6, , 1
2015/8/24, , 8, 22, 5, 2, 1
2015/8/25, , 8, 19, 10, 1, 1
2015/8/26, , 6, 22, 11, , 
2015/8/27, , 5, 17, 9, , 1
2015/8/28, , 6, 15, 9, , 1
2015/8/29, , 9, 20, 7, , 2
2015/8/30, , 9, 15, 11, , 2
2015/8/31, , 11, 6, 29, 2, 5
2015/9/1, , 28, 24, 10, , 2
2015/9/2, , 17, 37, 16, 3, 3
2015/9/3, , 19, 33, 14, 1, 3
2015/9/4, , 19, 44, 11, 1, 3
2015/9/5, , 21, 33, 10, 1, 3
2015/9/6, , 32, 23, 15, , 2
2015/9/7, , 16, 18, 14, , 2
2015/9/8, , 6, 15, 16, , 4
2015/9/9, , 14, 10, 22, , 2
2015/9/10, , 6, 29, 16, 2, 2
2015/9/11, , 11, 38, 19, 2, 3
2015/9/12, , 16, 37, 7, 1, 2
2015/9/13, , 18, 36, 8, , 2
2015/9/14, , 9, 36, 10, 3, 2
2015/9/15, , 10, 30, 11, 2, 2
2015/9/16, , 11, 22, 12, , 2
2015/9/17, , 7, 15, 24, 1, 4
2015/9/18, , 15, 41, 15, 3, 3
2015/9/19, , 18, 34, 4, 1, 2
2015/9/20, , 7, 36, 7, 4, 2
2015/9/21, , 12, 42, 9, 2, 2
2015/9/22, , 14, 42, 10, 2, 3
2015/9/23, , 15, 25, 13, 1, 3
2015/9/24, , 21, 19, 14, , 2
2015/9/25, , 11, 19, 16, , 2
2015/9/26, , 9, 19, 8, , 3
2015/9/27, , 11, 32, 21, 6, 4
2015/9/28, , 19, 34, 8, , 2
2015/9/29, , 11, 33, 9, 2, 2
2015/9/30, , 5, 32, 20, 1, 2
2015/4/1, , 41, 33, 21, 2, 3
2015/4/2, , 14, 35, 11, 2, 2
2015/4/3, , 14, 34, 12, , 3
2015/4/4, , 13, 32, 12, , 4
2015/4/5, , 16, 30, 32, 7, 6
2015/4/6, , 34, 29, 11, 1, 2
2015/4/7, , 8, 27, 11, 1, 2
2015/4/8, , 8, 31, 12, , 2
2015/4/9, , 10, 17, 19, , 3
2015/4/10, , 15, 25, 11, , 2
2015/4/11, , 6, 40, 8, 1, 2
2015/4/12, , 9, 24, 16, 2, 2
2015/4/13, , 11, 23, 22, , 3
2015/4/14, , 7, 40, 14, 1, 3
2015/4/15, , 9, 38, 42, 7, 5
2015/4/16, , 28, 53, 20, 1, 4
2015/4/17, , 32, 41, 14, 2, 3
2015/4/18, , 22, 34, 29, 5, 5
2015/4/19, , 34, 22, 19, 1, 2
2015/4/20, , 27, 29, 11, 2, 2
2015/4/21, , 7, 33, 18, 1, 2
2015/4/22, , 19, 43, 22, 4, 4
2015/4/23, , 27, 44, 23, 3, 4
2015/4/24, , 26, 47, 17, 1, 3
2015/4/25, , 29, 46, 12, 3, 3
2015/4/26, , 23, 38, 30, 4, 4
2015/4/27, , 37, 31, 34, 4, 4
2015/4/28, , 41, 40, 12, 2, 3
2015/4/29, , 18, 35, 15, 1, 2
2015/4/30, , 11, 44, 21, 1, 3
2015/5/1, , 12, 44, 20, 2, 2
2015/5/2, , 15, 43, 11, 2, 3
2015/5/3, , 11, 31, 4, 1, 2
2015/5/4, , 9, 42, 4, 1, 2
2015/5/5, , 13, 45, 15, 4, 3
2015/5/6, , 17, 38, 26, 3, 3
2015/5/7, , 22, 49, 26, 2, 3
2015/5/8, , 28, 32, 13, 2, 4
2015/5/9, , 42, , , , 
2015/5/11, , 10, 36, 14, 1, 2
2015/5/12, , 19, 46, 16, 2, 3
2015/5/13, , 18, 47, 25, 1, 3
2015/5/14, , 30, 52, 24, 3, 4
2015/5/15, , 30, 37, 16, 2, 3
2015/5/16, , 28, 55, 9, 1, 3
2015/5/17, , 25, 32, 16, 2, 3
2015/5/18, , 21, 26, 19, , 3
2015/5/19, , 22, 48, 17, 4, 3
2015/5/20, , 19, 50, 8, 1, 2
2015/5/21, , 13, 44, 24, 1, 3
2015/5/22, , 17, 48, 28, 4, 3
2015/5/23, , 23, 51, 12, 4, 2
2015/5/24, , 16, 41, 15, 1, 2
2015/5/25, , 14, 57, 18, 2, 3
2015/5/26, , 22, 80, 22, 3, 3
2015/5/27, , 30, 45, 16, 2, 3
2015/5/28, , 29, 33, 9, 1, 2
2015/5/29, , 17, 58, 15, 3, 3
2015/5/30, , 20, 54, 9, 2, 3
2015/5/31, , 24, 41, 17, 2, 2
2015/6/1, , 14, 29, 21, 2, 2
2015/6/2, , 16, 28, 15, , 3
2015/6/3, , 18, 35, 4, , 2
2015/6/4, , 7, 17, 31, 1, 3
2015/6/5, , 15, 39, 17, 1, 2
2015/6/6, , 10, 41, 12, 2, 3
2015/6/7, , 12, 24, 20, 2, 3
2015/6/8, , 12, 23, 13, 1, 2
2015/6/9, , 6, 34, 22, 3, 3
2015/6/10, , 12, 25, 24, 2, 3
2015/6/11, , 17, 29, 23, 4, 3
2015/6/12, , 23, 43, 23, 4, 4
2015/6/13, , 40, 47, 13, 2, 3
2015/6/14, , 38, 51, 21, 4, 4
2015/6/15, , 33, 25, 31, 5, 4
2015/6/16, , 39, 34, 13, 1, 3
2015/6/17, , 24, 25, 15, 1, 2
2015/6/18, , 21, 30, 8, , 
2015/6/19, , 9, 40, 15, 3, 2
2015/6/20, , 9, 28, 9, 1, 3
2015/6/21, , 11, 26, 22, 3, 3
2015/6/22, , 16, 35, 20, 2, 2
2015/6/23, , 14, 63, 19, 3, 3
2015/6/24, , 20, 29, 18, 1, 3
2015/6/25, , 21, 20, 22, 2, 3
2015/6/26, , 15, 17, 15, , 3
2015/6/27, , 10, 39, 9, 1, 3
2015/6/28, , 14, 23, 14, 2, 2
2015/6/29, , 13, 19, 20, 3, 2
2015/6/30, , 17, 13, 20, 1, 2
2015/1/1, , 5, 21, 18, 3, 3
2015/1/2, , 5, 24, 8, , 2
2015/1/3, , 3, 14, 24, , 5
2015/1/4, , 8, 22, 29, 5, 6
2015/1/5, , 18, 25, 17, 2, 3
2015/1/6, , 14, 25, 8, , 2
2015/1/7, , 3, 24, 9, , 3
2015/1/8, , 6, 25, 9, , 2
2015/1/9, , 6, , , , 
2015/1/12, , 3, 23, 13, , 3
2015/1/13, , 5, 12, 37, 4, 4
2015/1/14, , 21, 11, 33, 2, 5
2015/1/15, , 33, 24, 22, 4, 4
2015/1/16, , 10, 25, 16, 1, 4
2015/1/17, , 11, 27, 8, , 2
2015/1/18, , 3, 22, 21, 2, 3
2015/1/19, , 8, 26, 14, 2, 4
2015/1/20, , 13, 12, 27, , 4
2015/1/21, , 20, 6, 27, , 4
2015/1/22, , 18, 25, 14, , 3
2015/1/23, , 5, 23, 23, , 4
2015/1/24, , 9, 22, 24, 2, 5
2015/1/25, , 14, 14, 36, 6, 6
2015/1/26, , 27, 21, 16, 1, 4
2015/1/27, , 13, 22, 9, 1, 2
2015/1/28, , 4, 14, 21, 2, 3
2015/1/29, , 5, 7, 26, 1, 4
2015/1/30, , 13, 26, 14, , 4
2015/1/31, , 8, 28, 5, 1, 2
2015/2/1, , 4, 24, 9, , 2
2015/2/2, , 3, 22, 15, , 3
2015/2/3, , 6, 21, 22, 3, 3
2015/2/4, , 7, 16, 24, 1, 3
2015/2/5, , 10, 22, 20, , 4
2015/2/6, , 16, 19, 22, 3, 3
2015/2/7, , 7, 16, 19, 1, 4
2015/2/8, , 20, 21, 21, 3, 4
2015/2/9, , 8, 12, 32, 3, 4
2015/2/10, , 10, 15, 25, 3, 4
2015/2/11, , 13, 5, 54, 5, 6
2015/2/12, , 31, 25, 11, 1, 3
2015/2/13, , 5, 28, 16, , 3
2015/2/14, , 6, 34, 15, 2, 4
2015/2/15, , 10, 27, 32, 5, 6
2015/2/16, , 11, 22, 20, 1, 3
2015/2/17, , 13, 19, 16, , 3
2015/2/18, , 6, 24, 19, , 3
2015/2/19, , 7, 25, 16, , 3
2015/2/20, , 8, 23, 18, 4, 2
2015/2/21, , 11, 18, 21, 2, 4
2015/2/22, , 25, 17, 29, 2, 5
2015/2/23, , 34, 19, 24, 2, 4
2015/2/24, , 32, 25, 18, 2, 3
2015/2/25, , 36, 20, 20, 1, 4
2015/2/26, , 26, 30, 18, , 4
2015/2/27, , 8, 30, 15, 5, 3
2015/2/28, , 9, 23, 16, 1, 3
2015/3/1, , 13, 32, 9, , 3
2015/3/2, , 10, 24, 21, , 4
2015/3/3, , 14, 16, 29, 3, 5
2015/3/4, , 12, 29, 11, , 3
2015/3/5, , 9, 31, 13, , 3
2015/3/6, , 6, 29, 11, , 4
2015/3/7, , 11, 25, 9, , 3
2015/3/8, , 11, 20, 16, , 3
2015/3/9, , 5, 28, 9, , 2
2015/3/10, , 3, 26, 16, , 3
2015/3/11, , 6, 30, 15, , 2
2015/3/12, , 11, 28, 23, 3, 4
2015/3/13, , 15, 32, 19, 2, 3
2015/3/14, , 18, 33, 16, 2, 4
2015/3/15, , 21, 19, 37, 3, 6
2015/3/16, , 41, 23, 32, 4, 5
2015/3/17, , 36, 38, 25, 4, 4
2015/3/18, , 33, 23, 22, 1, 4
2015/3/19, , 44, 27, 22, 2, 4
2015/3/20, , 19, 30, 16, 5, 4
2015/3/21, , 17, 41, 17, 3, 4
2015/3/22, , 27, 37, 15, 4, 4
2015/3/23, , 26, 33, 9, 1, 2
2015/3/24, , 5, 34, 7, , 2
2015/3/25, , 5, 34, 13, 2, 3
2015/3/26, , 11, 28, 31, 4, 4
2015/3/27, , 16, 37, 33, 4, 4
2015/3/28, , 24, 35, 11, 2, 2
2015/3/29, , 13, 42, 22, 5, 4
2015/3/30, , 25, 42, 20, 2, 4
2015/3/31, , 29, 32, 30, 1, 5
2014/10/1, , 22, 16, 24, 5, 5
2014/10/2, , 23, 19, 14, 2, 3
2014/10/3, , 17, 30, 13, 2, 4
2014/10/4, , 18, 23, 6, , 2
2014/10/5, , 9, 25, 9, , 2
2014/10/6, , 4, 27, 8, 2, 2
2014/10/7, , 6, 25, 16, 1, 3
2014/10/8, , 10, 21, 19, 2, 3
2014/10/9, , 13, 24, 20, 1, 4
2014/10/10, , 12, 31, 15, 4, 3
2014/10/11, , 21, 31, 7, 1, 3
2014/10/12, , 19, 17, 15, 2, 4
2014/10/13, , 22, 32, 5, 1, 2
2014/10/14, , 11, 23, 11, , 2
2014/10/15, , 7, 18, 19, 2, 4
2014/10/16, , 11, 33, 13, 1, 3
2014/10/17, , 14, 28, 17, 3, 3
2014/10/18, , 12, 38, 17, 3, 4
2014/10/19, , 19, 25, 24, 1, 4
2014/10/20, , 22, 11, 22, , 4
2014/10/21, , 16, 21, 16, , 5
2014/10/22, , 16, 15, 13, , 3
2014/10/23, , 11, 15, 24, 1, 3
2014/10/24, , 15, 15, 32, 5, 6
2014/10/25, , 27, 20, 19, 2, 4
2014/10/26, , 23, 26, 16, 2, 4
2014/10/27, , 18, 30, 7, 1, 3
2014/10/28, , 9, 27, 20, 3, 5
2014/10/29, , 14, 17, 31, 4, 4
2014/10/30, , 21, 14, 40, 4, 6
2014/10/31, , 35, 9, 24, , 4
2014/11/1, , 28, 22, 11, 1, 3
2014/11/2, , 13, 30, 9, , 3
2014/11/3, , 8, 26, 10, 1, 2
2014/11/4, , 5, 15, 20, , 3
2014/11/5, , 12, 14, 19, , 3
2014/11/6, , 14, 32, 9, , 2
2014/11/7, , 10, 13, 24, , 4
2014/11/8, , 26, 12, 15, , 3
2014/11/9, , 26, 28, 14, , 3
2014/11/10, , 12, 10, 28, , 4
2014/11/11, , 21, 5, 27, , 5
2014/11/12, , 28, 21, 20, , 6
2014/11/13, , 15, 13, 25, 2, 4
2014/11/14, , 8, 24, 12, , 3
2014/11/15, , 5, 25, 13, 2, 5
2014/11/16, , 8, 11, 27, 1, 4
2014/11/17, , 17, 30, 13, , 3
2014/11/18, , 10, 28, 11, , 3
2014/11/19, , 6, 6, 27, , 3
2014/11/20, , 19, 13, 23, , 3
2014/11/21, , 17, 10, 35, , 5
2014/11/22, , 23, 32, 13, , 3
2014/11/23, , 15, 18, 17, 1, 4
2014/11/24, , 26, 16, 22, , 4
2014/11/25, , 23, 21, 10, , 2
2014/11/26, , 4, 14, 19, , 4
2014/11/27, , 8, 1, 33, , 8
2014/11/28, , 22, 1, 27, , 6
2014/11/29, , 29, 19, 14, 1, 3
2014/11/30, , 12, 4, 22, , 4
2014/12/1, , 10, 20, 17, 1, 3
2014/12/2, , 6, 19, 18, , 2
2014/12/3, , 6, 5, 36, , 6
2014/12/4, , 24, 16, 14, , 3
2014/12/5, , 3, 12, 12, , 2
2014/12/6, , 3, , , , 
2014/12/8, , 24, 24, 21, 1, 3
2014/12/9, , 15, 13, 14, , 4
2014/12/10, , 15, 10, 24, , 5
2014/12/11, , 23, 19, 21, , 4
2014/12/12, , 1, , 18, 2, 3
2014/12/15, , 7, 12, 23, , 3
2014/12/16, , 13, 17, 21, , 3
2014/12/17, , 5, 16, 12, , 2
2014/12/18, , 3, 8, 29, 5, 4
2014/12/19, , 8, 8, 31, 1, 4
2014/12/20, , 25, 17, 15, , 3
2014/12/21, , 6, 15, 21, , 3
2014/12/22, , 7, 22, 14, , 2
2014/12/23, , 4, 7, 39, 1, 6
2014/12/24, , 24, 19, 20, , 4
2014/12/25, , 7, 18, 15, , 2
2014/12/26, , 4, 22, 11, , 2
2014/12/27, , 5, 13, 22, , 5
2014/12/28, , 22, , , , 
2014/7/1, , 19, 42, 17, 3, 3
2014/7/2, , 21, 28, 15, 2, 3
2014/7/3, , 42, 28, 10, 1, 3
2014/7/4, , 11, 25, 8, , 2
2014/7/5, , 11, 40, 9, 2, 3
2014/7/6, , 20, 18, 20, 1, 4
2014/7/7, , 19, 58, 18, 3, 4
2014/7/8, , 20, 20, 26, 2, 5
2014/7/9, , 26, 6, 9, , 3
2014/7/10, , 18, 32, 11, 1, 3
2014/7/11, , 14, 58, 14, 2, 3
2014/7/12, , 15, 38, 16, 3, 4
2014/7/13, , 33, 43, 24, 6, 4
2014/7/14, , 39, 60, 13, 3, 4
2014/7/15, , 24, 49, 25, 6, 5
2014/7/16, , 44, 26, 18, 4, 3
2014/7/17, , 27, 26, 15, 2, 4
2014/7/18, , 21, 24, 15, 2, 3
2014/7/19, , 20, 38, 9, 1, 3
2014/7/20, , 12, 34, 13, 3, 4
2014/7/21, , 23, 37, 20, 3, 4
2014/7/22, , 38, 50, 34, 6, 5
2014/7/23, , 54, 77, 29, 3, 5
2014/7/24, , 63, 62, 16, 3, 4
2014/7/25, , 45, 50, 16, 4, 4
2014/7/26, , 51, 31, 6, 1, 2
2014/7/27, , 28, 43, 12, 2, 4
2014/7/28, , 9, 39, 15, 4, 5
2014/7/29, , 24, 37, 14, 2, 4
2014/7/30, , 27, 36, 17, 3, 3
2014/7/31, , 29, 32, 20, 4, 3
2014/8/1, , 22, , , , 
2014/8/4, , 6, 15, 7, , 
2014/8/5, , 11, 21, 8, , 
2014/8/6, , 16, 21, 10, 1, 2
2014/8/7, , 14, 26, 16, 3, 3
2014/8/8, , 17, 25, 9, 1, 2
2014/8/9, , 16, 18, 5, 1, 2
2014/8/10, , 22, 27, 6, 1, 2
2014/8/11, , 25, 23, 12, 1, 3
2014/8/12, , 20, 51, 13, 3, 4
2014/8/13, , 21, 32, 19, 2, 6
2014/8/14, , 51, 14, 6, , 2
2014/8/15, , 17, 18, 8, 1, 3
2014/8/16, , 18, 11, 8, 1, 3
2014/8/17, , 35, 23, 13, 2, 3
2014/8/18, , 18, 22, 10, , 2
2014/8/19, , 12, 42, 25, 5, 4
2014/8/20, , 27, 41, 23, 3, 4
2014/8/21, , 26, 27, 25, 6, 4
2014/8/22, , 29, 13, 10, 1, 2
2014/8/23, , 9, 26, 13, 2, 3
2014/8/24, , 12, 28, 17, 2, 4
2014/8/25, , 22, 24, 20, 2, 5
2014/8/26, , 32, 18, 11, , 3
2014/8/27, , 9, 11, 13, , 
2014/8/28, , 7, 17, 12, 1, 3
2014/8/29, , 8, 29, 6, , 2
2014/8/30, , 7, 28, 6, 1, 2
2014/8/31, , 9, 18, 12, , 2
2014/9/1, , 9, 37, 14, 1, 3
2014/9/2, , 8, 29, 12, 2, 3
2014/9/3, , 13, 23, 19, 2, 4
2014/9/4, , 14, 19, 14, 2, 3
2014/9/5, , 15, 38, 16, 2, 4
2014/9/6, , 33, 27, 6, 1, 3
2014/9/7, , 15, 21, 16, 1, 4
2014/9/8, , 19, 34, 9, , 3
2014/9/9, , 16, 25, 20, 4, 5
2014/9/10, , 20, 12, 23, 1, 4
2014/9/11, , 20, 35, 18, 3, 4
2014/9/12, , 14, 32, 15, 2, 3
2014/9/13, , 14, 36, 9, 4, 3
2014/9/14, , 10, 35, 13, 3, 4
2014/9/15, , 11, 38, 20, 3, 4
2014/9/16, , 22, 31, 10, 2, 3
2014/9/17, , 14, 28, 9, , 2
2014/9/18, , 10, 28, 20, 2, 3
2014/9/19, , 11, 23, 13, 1, 3
2014/9/20, , 12, 39, 10, 5, 3
2014/9/21, , 13, 43, 21, 3, 4
2014/9/22, , 18, 41, 13, 5, 3
2014/9/23, , 14, 22, 23, 2, 4
2014/9/24, , 21, 28, 12, 2, 3
2014/9/25, , 16, 36, 8, , 2
2014/9/26, , 8, 31, 6, 1, 2
2014/9/27, , 13, 31, 6, 1, 2
2014/9/28, , 17, 46, 13, 7, 4
2014/9/29, , 20, 49, 24, 4, 4
2014/9/30, , 26, 19, 16, 1, 4
2014/4/1, , 13, 28, 25, 2, 4
2014/4/2, , 14, 13, 23, 1, 4
2014/4/3, , 10, 38, 14, 1, 3
2014/4/4, , 8, 32, 10, 2, 4
2014/4/5, , 6, 36, 6, 1, 3
2014/4/6, , 8, 33, 15, 2, 3
2014/4/7, , 10, 37, 41, 4, 5
2014/4/8, , 31, 43, 22, 2, 4
2014/4/9, , 29, 54, 19, 1, 4
2014/4/10, , 27, 43, 10, 1, 3
2014/4/11, , 16, 44, 9, 2, 3
2014/4/12, , 18, 46, 14, 2, 3
2014/4/13, , 18, 37, 17, 2, 3
2014/4/14, , 14, 51, 20, 1, 3
2014/4/15, , 17, 53, 25, 6, 5
2014/4/16, , 37, 49, 21, 2, 4
2014/4/17, , 33, 29, 14, 1, 3
2014/4/18, , 22, , , , 
2014/4/21, , 22, 24, 21, 1, 4
2014/4/22, , 17, 47, 17, 2, 3
2014/4/23, , 19, 48, 19, 2, 5
2014/4/24, , 22, 46, 24, 2, 4
2014/4/25, , 26, 48, 21, 3, 4
2014/4/26, , 23, 48, 10, 3, 3
2014/4/27, , 17, 44, 13, 1, 3
2014/4/28, , 14, 40, 16, 2, 3
2014/4/29, , 21, 32, 20, 1, 3
2014/4/30, , 22, 36, 12, 1, 3
2014/5/1, , 19, 41, 17, 2, 3
2014/5/2, , 16, 56, 17, 3, 4
2014/5/3, , 29, 50, 5, 1, 3
2014/5/4, , 17, 53, 9, 1, 3
2014/5/5, , 25, 43, 5, , 
2014/5/6, , 16, 39, 17, 2, 3
2014/5/7, , 18, 40, 13, 1, 3
2014/5/8, , 17, 44, 13, 1, 3
2014/5/9, , 13, 52, 8, 1, 3
2014/5/10, , 13, 53, 8, 2, 4
2014/5/11, , 12, 45, 11, 2, 3
2014/5/12, , 13, 39, 17, 1, 3
2014/5/13, , 14, 42, 29, 4, 6
2014/5/14, , 32, 47, 15, 2, 3
2014/5/15, , 27, 44, 14, 1, 3
2014/5/16, , 17, 52, 7, 1, 3
2014/5/17, , 6, 49, 10, 2, 3
2014/5/18, , 9, 53, 16, 3, 4
2014/5/19, , 17, 49, 29, 5, 5
2014/5/20, , 33, 30, 11, 1, 3
2014/5/21, , 17, 34, 23, 2, 4
2014/5/22, , 11, 37, 17, 2, 3
2014/5/23, , 13, 43, 14, 1, 3
2014/5/24, , 17, 37, 12, 2, 3
2014/5/25, , 23, 32, 10, 2, 3
2014/5/26, , 21, 32, 16, 2, 4
2014/5/27, , 10, 43, 25, 3, 5
2014/5/28, , 32, 44, 22, 4, 4
2014/5/29, , 40, 42, 32, 5, 4
2014/5/30, , 40, 83, 20, 3, 4
2014/5/31, , 48, 106, 13, 2, 4
2014/6/1, , 47, 93, 20, 4, 5
2014/6/2, , 51, 48, 12, 1, 4
2014/6/3, , 53, 38, 16, 5, 5
2014/6/4, , 45, 24, 11, 2, 3
2014/6/5, , 13, 24, 11, , 2
2014/6/6, , 5, 31, 7, , 2
2014/6/7, , 7, 25, 10, 1, 3
2014/6/8, , 9, 13, 20, 1, 4
2014/6/9, , 25, 20, 17, 2, 3
2014/6/10, , 21, 3, 16, 1, 3
2014/6/11, , 26, 19, 11, 1, 2
2014/6/12, , 6, 29, 23, 2, 4
2014/6/13, , 16, 46, 15, 3, 3
2014/6/14, , 13, 51, 9, 2, 3
2014/6/15, , 15, 53, 20, 3, 4
2014/6/16, , 35, 53, 28, 6, 5
2014/6/17, , 50, 28, 23, 4, 4
2014/6/18, , 38, 40, 13, 2, 3
2014/6/19, , 20, 41, 12, 1, 3
2014/6/20, , 19, 31, 16, 2, 3
2014/6/21, , 22, 23, 10, 2, 3
2014/6/22, , 12, 39, 17, 3, 3
2014/6/23, , 17, 25, 18, 1, 4
2014/6/24, , 22, 26, 23, 1, 5
2014/6/25, , 25, 28, 18, 2, 3
2014/6/26, , 17, 24, 16, 2, 3
2014/6/27, , 10, 19, 11, , 2
2014/6/28, , 7, 28, 6, 1, 2
2014/6/29, , 7, 23, 13, 1, 3
2014/6/30, , 13, 45, 14, 2, 3
2014/2/7, , 8, 24, 11, 1, 3
2014/2/8, , 6, 28, 6, , 2
2014/2/9, , 1, 26, 14, 1, 3
2014/2/10, , 10, 24, 10, 1, 3
2014/2/11, , 6, 23, 12, 1, 2
2014/2/12, , 5, 23, 28, 2, 4
2014/2/13, , 8, 21, 18, 1, 3
2014/2/14, , 9, 27, 7, , 2
2014/2/15, , 2, 34, 5, 2, 3
2014/2/16, , 13, 31, 16, 2, 4
2014/2/17, , 21, 31, 8, 1, 3
2014/2/18, , 8, 29, 10, , 3
2014/2/19, , 8, 21, 24, 2, 4
2014/2/20, , 18, 30, 12, 1, 3
2014/2/21, , 11, 30, 11, , 3
2014/2/22, , 6, 28, 11, 2, 3
2014/2/23, , 10, 22, 20, 2, 4
2014/2/24, , 13, 31, 37, 4, 5
2014/2/25, , 32, 25, 32, 8, 6
2014/2/26, , 45, 12, 38, 2, 7
2014/2/27, , 54, 32, 26, 3, 6
2014/2/28, , 38, 22, 18, 1, 5
2014/3/1, , 31, 24, 9, 1, 4
2014/3/2, , 12, 28, 11, , 3
2014/3/3, , 7, 25, 19, 3, 4
2014/3/4, , 13, 24, 29, 1, 5
2014/3/5, , 22, 31, 7, 1, 3
2014/3/6, , 8, 27, 14, 1, 3
2014/3/7, , 8, 28, 18, 1, 4
2014/3/8, , 10, 28, 18, 3, 4
2014/3/9, , 11, 29, 10, 1, 4
2014/3/10, , 9, 26, 16, 1, 3
2014/3/11, , 7, 37, 37, 5, 6
2014/3/12, , 32, 21, 27, 1, 5
2014/3/13, , 38, 28, 14, , 3
2014/3/14, , 5, 30, 17, 2, 4
2014/3/15, , 12, 45, 14, 2, 4
2014/3/16, , 21, 36, 24, 4, 6
2014/3/17, , 38, 36, 21, 1, 4
2014/3/18, , 28, 35, 14, 1, 3
2014/3/19, , 17, 20, 19, 1, 3
2014/3/20, , 9, 32, 7, , 3
2014/3/21, , 3, 30, 9, 1, 3
2014/3/22, , 4, 40, 8, 1, 4
2014/3/23, , 11, 43, 21, 3, 4
2014/3/24, , 18, 38, 30, 3, 4
2014/3/25, , 29, 28, 27, 5, 4
2014/3/26, , 23, 27, 21, 1, 4
2014/3/27, , 31, 30, 34, 3, 5
2014/3/28, , 25, 41, 20, 1, 4
2014/3/29, , 22, 36, 14, , 3
2014/3/30, , 14, 46, 5, 1, 3
2014/3/31, , 6, 35, 18, 4, 3
2015/11/3, , , 18, , 2, 3
2015/7/9, , , 35, 28, 3, 3
2015/8/16, , , 12, 21, 1, 2
2015/5/10, , , 36, 20, 1, 2
2014/12/31, , , 25, 5, 1, 2
2015/1/11, , , 21, 10, , 2
2014/12/7, , , 1, 42, 1, 6
2014/12/14, , , 13, 18, , 3
2014/8/3, , , 13, 8, , 2
2014/4/20, , , 29, 24, 1, 4
2014/2/6, , , 19, 16, 5, 3
2014/12/13, , , , 12, , 3